10000 50
10100 51
10200 51
10300 51
10400 52
10500 52
10600 53
10700 53
10800 54
10900 54
11000 55
11100 55
11200 56
11300 56
11400 57
11500 57
11600 58
11700 59
11800 59
11900 59
12000 60
12100 60
12200 61
12300 62
12400 62
12500 62
12600 63
12700 63
12800 64
12900 64
13000 65
13100 65
13200 66
13300 66
13400 67
13500 67
13600 68
13700 68
13800 69
13900 69
14000 70
14100 70
14200 71
14300 71
14400 72
14500 72
14600 73
14700 49
14800 49
14900 49
15000 50
15100 50
15200 50
15300 51
15400 51
15500 51
15600 52
15700 39
15800 39
15900 39
16000 40
16100 40
16200 40
16300 40
16400 41
16500 41
16600 41
16700 41
16800 42
16900 34
17000 34
17100 34
17200 34
17300 34
17400 35
17500 35
17600 35
17700 35
17800 35
17900 35
18000 36
18100 36
18200 36
18300 30
18400 30
18500 30
18600 31
18700 31
18800 31
18900 31
19000 31
19100 31
19200 32
19300 32
19400 32
19500 32
19600 33
19700 33
19800 33
19900 28
20000 28
20100 28
20200 28
20300 29
20400 29
20500 29
20600 29
20700 29
20800 29
20900 29
21000 30
21100 30
21200 30
21300 30
21400 30
21500 28
21600 28
21700 28
21800 28
21900 28
22000 28
22100 28
22200 27
22300 28
22400 28
22500 28
22600 28
22700 28
22800 28
22900 28
23000 28
23100 29
23200 29
23300 30
23400 30
23500 30
23600 31
23700 31
23800 31
23900 32
24000 32
24100 32
24200 32
24300 32
24400 32
24500 33
24600 33
24700 33
24800 33
24900 33
25000 33
25100 33
25200 33
25300 33
25400 34
25500 34
25600 34
25700 34
25800 34
25900 34
26000 33
26100 33
26200 33
26300 34
26400 34
26500 34
26600 33
26700 33
26800 33
26900 33
27000 33
27100 34
27200 34
27300 34
27400 34
27500 34
27600 34
27700 34
27800 36
27900 36
28000 36
28100 36
28200 36
28300 36
28400 36
28500 36
28600 37
28700 37
28800 37
28900 37
29000 37
29100 36
29200 36
29300 36
29400 35
29500 35
29600 34
29700 35
29800 35
29900 35
30000 36
30100 36
30200 36
30300 36
30400 37
30500 37
30600 37
30700 37
30800 37
30900 37
31000 37
31100 37
31200 38
31300 38
31400 38
31500 38
31600 38
31700 38
31800 38
31900 38
32000 38
32100 39
32200 39
32300 38
32400 38
32500 37
32600 37
32700 37
32800 37
32900 37
33000 37
33100 37
33200 38
33300 38
33400 38
33500 38
33600 38
33700 38
33800 38
33900 38
34000 39
34100 39
34200 39
34300 39
34400 39
34500 39
34600 39
34700 39
34800 39
34900 40
35000 40
35100 40
35200 40
35300 40
35400 40
35500 40
35600 40
35700 40
35800 41
35900 41
36000 41
36100 41
36200 41
36300 41
36400 41
36500 41
36600 42
36700 42
36800 42
36900 42
37000 42
37100 42
37200 42
37300 43
37400 42
37500 43
37600 43
37700 43
37800 43
37900 43
38000 43
38100 43
38200 43
38300 43
38400 44
38500 44
38600 44
38700 44
38800 44
38900 44
39000 44
39100 44
39200 45
39300 45
39400 45
39500 45
39600 45
39700 45
39800 45
39900 45
40000 45
40100 46
40200 46
40300 46
40400 46
40500 46
40600 46
40700 46
40800 46
40900 46
41000 47
41100 47
41200 47
41300 47
41400 47
41500 47
41600 47
41700 47
41800 47
41900 48
42000 48
42100 48
42200 48
42300 48
42400 48
42500 48
42600 49
42700 49
42800 49
42900 49
43000 49
43100 49
43200 49
43300 49
43400 49
43500 49
43600 50
43700 50
43800 50
43900 50
44000 50
44100 50
44200 50
44300 50
44400 50
44500 51
44600 51
44700 51
44800 51
44900 51
45000 51
45100 51
45200 51
45300 51
45400 52
45500 52
45600 52
45700 52
45800 52
45900 52
46000 52
46100 52
46200 52
46300 53
46400 53
46500 53
46600 53
46700 53
46800 53
46900 53
47000 53
47100 54
47200 54
47300 54
47400 54
47500 54
47600 54
47700 54
47800 54
47900 55
48000 55
48100 55
48200 55
48300 55
48400 55
48500 55
48600 55
48700 55
48800 56
48900 56
49000 56
49100 56
49200 56
49300 56
49400 56
49500 56
49600 56
49700 57
49800 57
49900 57
50000 57
50100 57
50200 57
50300 57
50400 57
50500 57
50600 56
50700 55
50800 55
50900 55
51000 55
51100 55
51200 55
51300 55
51400 55
51500 55
51600 55
51700 56
51800 56
51900 56
52000 56
52100 56
52200 56
52300 56
52400 56
52500 57
52600 57
52700 57
52800 57
52900 57
53000 57
53100 57
53200 57
53300 57
53400 58
53500 58
53600 58
53700 58
53800 58
53900 58
54000 58
54100 58
54200 58
54300 58
54400 59
54500 59
54600 59
54700 59
54800 59
54900 59
55000 59
55100 59
55200 59
55300 60
55400 60
55500 60
55600 60
55700 60
55800 60
55900 66
56000 62
56100 62
56200 62
56300 62
56400 62
56500 63
56600 63
56700 63
56800 63
56900 63
57000 65
57100 63
57200 63
57300 63
57400 64
57500 64
57600 64
57700 64
57800 66
57900 66
58000 66
58100 66
58200 66
58300 67
58400 67
58500 67
58600 67
58700 67
58800 67
58900 65
59000 65
59100 65
59200 66
59300 66
59400 66
59500 66
59600 66
59700 66
59800 66
59900 66
60000 66
60100 67
60200 67
60300 67
60400 67
60500 67
60600 67
60700 67
60800 67
60900 67
61000 68
61100 68
61200 68
61300 68
61400 68
61500 68
61600 68
61700 68
61800 68
61900 69
62000 69
62100 69
62200 69
62300 69
62400 69
62500 69
62600 69
62700 69
62800 70
62900 70
63000 68
63100 68
63200 68
63300 68
63400 68
63500 68
63600 69
63700 69
63800 69
63900 69
64000 69
64100 69
64200 69
64300 69
64400 69
64500 69
64600 70
64700 70
64800 70
64900 70
65000 70
65100 70
65200 70
65300 70
65400 70
65500 71
65600 71
65700 71
65800 71
65900 71
66000 71
66100 71
66200 71
66300 71
66400 72
66500 72
66600 72
66700 72
66800 72
66900 72
67000 72
67100 72
67200 72
67300 72
67400 73
67500 73
67600 73
67700 73
67800 73
67900 73
68000 73
68100 73
68200 74
68300 74
68400 74
68500 74
68600 74
68700 75
68800 76
68900 76
69000 76
69100 77
69200 79
69300 79
69400 79
69500 79
69600 77
69700 77
69800 80
69900 80
70000 80
70100 78
70200 78
70300 80
70400 80
70500 80
70600 78
70700 78
70800 76
70900 76
71000 77
71100 79
71200 81
71300 79
71400 79
71500 82
71600 82
71700 82
71800 79
71900 80
72000 80
72100 82
72200 82
72300 82
72400 80
72500 80
72600 80
72700 81
72800 81
72900 81
73000 81
73100 81
73200 81
73300 81
73400 84
73500 84
73600 84
73700 84
73800 84
73900 82
74000 82
74100 80
74200 80
74300 80
74400 80
74500 80
74600 80
74700 81
74800 81
74900 81
75000 81
75100 81
75200 81
75300 81
75400 81
75500 82
75600 85
75700 84
75800 84
75900 84
76000 84
76100 84
76200 87
76300 90
76400 90
76500 90
76600 90
76700 90
76800 90
76900 90
77000 90
77100 90
77200 91
77300 91
77400 91
77500 91
77600 91
77700 91
77800 91
77900 91
78000 92
78100 92
78200 92
78300 92
78400 92
78500 90
78600 87
78700 87
78800 87
78900 88
79000 88
79100 88
79200 88
79300 88
79400 88
79500 88
79600 88
79700 88
79800 88
79900 89
80000 89
80100 89
80200 89
80300 89
80400 89
80500 89
80600 89
80700 89
80800 90
80900 87
81000 87
81100 87
81200 88
81300 88
81400 88
81500 88
81600 88
81700 88
81800 88
81900 88
82000 89
82100 89
82200 89
82300 89
82400 89
82500 89
82600 89
82700 89
82800 89
82900 89
83000 90
83100 90
83200 90
83300 90
83400 90
83500 90
83600 90
83700 90
83800 90
83900 91
84000 91
84100 91
84200 91
84300 91
84400 91
84500 91
84600 91
84700 91
84800 91
84900 92
85000 92
85100 92
85200 92
85300 92
85400 92
85500 92
85600 92
85700 92
85800 93
85900 93
86000 93
86100 93
86200 93
86300 93
86400 93
86500 93
86600 93
86700 94
86800 94
86900 94
87000 94
87100 94
87200 94
87300 94
87400 94
87500 94
87600 95
87700 95
87800 95
87900 95
88000 95
88100 95
88200 95
88300 95
88400 95
88500 95
88600 96
88700 96
88800 96
88900 96
89000 96
89100 96
89200 96
89300 96
89400 96
89500 97
89600 97
89700 97
89800 97
89900 97
90000 97
90100 97
90200 97
90300 97
90400 98
90500 98
90600 98
90700 98
90800 98
90900 98
91000 98
91100 98
91200 98
91300 99
91400 99
91500 99
91600 99
91700 99
91800 99
91900 99
92000 99
92100 99
92200 99
92300 100
92400 100
92500 100
92600 100
92700 100
92800 100
92900 100
93000 100
93100 101
93200 101
93300 101
93400 101
93500 101
93600 101
93700 101
93800 101
93900 102
94000 104
94100 104
94200 104
94300 105
94400 102
94500 102
94600 102
94700 102
94800 102
94900 102
95000 103
95100 103
95200 103
95300 103
95400 103
95500 103
95600 103
95700 103
95800 103
95900 103
96000 104
96100 104
96200 104
96300 104
96400 104
96500 107
96600 107
96700 107
96800 107
96900 107
97000 108
97100 105
97200 105
97300 105
97400 108
97500 105
97600 105
97700 106
97800 108
97900 109
98000 109
98100 109
98200 109
98300 109
98400 109
98500 109
98600 109
98700 110
98800 110
98900 110
99000 110
99100 110
99200 110
99300 110
99400 110
99500 110
99600 110
99700 111
99800 111
99900 111
100000 111
