10000 25
10100 25
10200 26
10300 26
10400 26
10500 26
10600 27
10700 27
10800 27
10900 27
11000 28
11100 28
11200 28
11300 28
11400 29
11500 29
11600 29
11700 29
11800 30
11900 30
12000 30
12100 30
12200 31
12300 31
12400 31
12500 31
12600 32
12700 32
12800 32
12900 33
13000 33
13100 33
13200 33
13300 34
13400 34
13500 34
13600 34
13700 35
13800 35
13900 35
14000 35
14100 36
14200 36
14300 36
14400 36
14500 37
14600 37
14700 37
14800 37
14900 38
15000 38
15100 38
15200 38
15300 38
15400 39
15500 39
15600 39
15700 40
15800 40
15900 40
16000 40
16100 41
16200 41
16300 41
16400 41
16500 42
16600 42
16700 42
16800 43
16900 43
17000 43
17100 43
17200 43
17300 44
17400 44
17500 44
17600 45
17700 45
17800 45
17900 45
18000 44
18100 44
18200 44
18300 45
18400 45
18500 45
18600 46
18700 44
18800 44
18900 45
19000 45
19100 45
19200 45
19300 45
19400 46
19500 46
19600 46
19700 46
19800 47
19900 47
20000 47
20100 46
20200 46
20300 46
20400 45
20500 45
20600 46
20700 46
20800 46
20900 48
21000 51
21100 52
21200 50
21300 50
21400 51
21500 51
21600 51
21700 51
21800 51
21900 52
22000 52
22100 52
22200 51
22300 51
22400 51
22500 51
22600 50
22700 50
22800 51
22900 51
23000 53
23100 53
23200 53
23300 52
23400 52
23500 52
23600 52
23700 53
23800 53
23900 53
24000 53
24100 53
24200 52
24300 52
24400 52
24500 53
24600 53
24700 53
24800 53
24900 54
25000 54
25100 54
25200 54
25300 54
25400 55
25500 55
25600 55
25700 55
25800 55
25900 56
26000 56
26100 56
26200 56
26300 57
26400 55
26500 55
26600 54
26700 54
26800 54
26900 55
27000 55
27100 55
27200 55
27300 55
27400 55
27500 56
27600 56
27700 56
27800 56
27900 57
28000 57
28100 57
28200 57
28300 57
28400 57
28500 58
28600 58
28700 58
28800 58
28900 59
29000 59
29100 59
29200 59
29300 59
29400 60
29500 60
29600 60
29700 60
29800 61
29900 61
30000 59
30100 60
30200 61
30300 61
30400 62
30500 62
30600 62
30700 62
30800 62
30900 63
31000 63
31100 63
31200 63
31300 63
31400 64
31500 64
31600 64
31700 64
31800 64
31900 65
32000 65
32100 63
32200 64
32300 62
32400 62
32500 62
32600 63
32700 63
32800 63
32900 63
33000 63
33100 68
33200 67
33300 67
33400 68
33500 68
33600 68
33700 67
33800 67
33900 67
34000 67
34100 67
34200 67
34300 68
34400 68
34500 68
34600 68
34700 70
34800 71
34900 71
35000 69
35100 69
35200 71
35300 72
35400 72
35500 70
35600 70
35700 69
35800 69
35900 69
36000 69
36100 69
36200 69
36300 70
36400 70
36500 70
36600 70
36700 70
36800 71
36900 71
37000 71
37100 71
37200 75
37300 76
37400 76
37500 76
37600 76
37700 77
37800 73
37900 73
38000 73
38100 73
38200 73
38300 74
38400 74
38500 74
38600 74
38700 74
38800 75
38900 75
39000 75
39100 75
39200 75
39300 75
39400 76
39500 76
39600 76
39700 76
39800 76
39900 77
40000 77
40100 77
40200 77
40300 77
40400 78
40500 78
40600 78
40700 78
40800 78
40900 78
41000 79
41100 79
41200 79
41300 79
41400 80
41500 80
41600 80
41700 80
41800 80
41900 80
42000 81
42100 81
42200 81
42300 81
42400 81
42500 82
42600 82
42700 82
42800 82
42900 82
43000 83
43100 83
43200 83
43300 83
43400 84
43500 84
43600 84
43700 84
43800 84
43900 84
44000 85
44100 85
44200 85
44300 85
44400 85
44500 85
44600 86
44700 86
44800 86
44900 86
45000 87
45100 87
45200 87
45300 87
45400 87
45500 88
45600 88
45700 88
45800 88
45900 88
46000 88
46100 89
46200 89
46300 89
46400 89
46500 89
46600 90
46700 90
46800 90
46900 90
47000 90
47100 91
47200 91
47300 91
47400 91
47500 91
47600 92
47700 92
47800 92
47900 92
48000 92
48100 92
48200 93
48300 93
48400 93
48500 93
48600 94
48700 94
48800 94
48900 94
49000 94
49100 95
49200 95
49300 95
49400 95
49500 95
49600 95
49700 96
49800 96
49900 96
50000 96
50100 96
50200 97
50300 97
50400 97
50500 97
50600 97
50700 98
50800 98
50900 98
51000 98
51100 98
51200 99
51300 99
51400 99
51500 99
51600 99
51700 99
51800 100
51900 100
52000 100
52100 100
52200 100
52300 101
52400 101
52500 101
52600 101
52700 101
52800 102
52900 102
53000 102
53100 102
53200 102
53300 103
53400 103
53500 103
53600 103
53700 103
53800 103
53900 104
54000 104
54100 104
54200 104
54300 105
54400 105
54500 105
54600 105
54700 105
54800 106
54900 106
55000 106
55100 106
55200 132
55300 117
55400 116
55500 117
55600 117
55700 107
55800 107
55900 108
56000 108
56100 108
56200 108
56300 108
56400 109
56500 109
56600 109
56700 109
56800 109
56900 110
57000 110
57100 110
57200 110
57300 110
57400 110
57500 111
57600 111
57700 111
57800 111
57900 112
58000 112
58100 112
58200 112
58300 112
58400 113
58500 113
58600 114
58700 116
58800 116
58900 117
59000 117
59100 117
59200 117
59300 117
59400 117
59500 117
59600 118
59700 118
59800 119
59900 115
60000 116
60100 116
60200 116
60300 116
60400 116
60500 117
60600 117
60700 117
60800 117
60900 117
61000 118
61100 118
61200 118
61300 118
61400 118
61500 119
61600 119
61700 119
61800 119
61900 119
62000 120
62100 120
62200 120
62300 120
62400 120
62500 120
62600 121
62700 121
62800 121
62900 121
63000 122
63100 122
63200 122
63300 122
63400 122
63500 122
63600 123
63700 123
63800 123
63900 123
64000 123
64100 124
64200 124
64300 124
64400 125
64500 125
64600 125
64700 125
64800 125
64900 125
65000 125
65100 125
65200 126
65300 126
65400 126
65500 126
65600 126
65700 127
65800 127
65900 127
66000 127
66100 127
66200 128
66300 128
66400 128
66500 132
66600 132
66700 132
66800 129
66900 129
67000 129
67100 130
67200 133
67300 133
67400 134
67500 134
67600 134
67700 134
67800 134
67900 134
68000 135
68100 135
68200 131
68300 132
68400 132
68500 132
68600 132
68700 132
68800 132
68900 133
69000 133
69100 133
69200 133
69300 134
69400 134
69500 134
69600 134
69700 134
69800 135
69900 135
70000 135
70100 135
70200 135
70300 136
70400 136
70500 136
70600 136
70700 136
70800 137
70900 137
71000 137
71100 137
71200 137
71300 137
71400 138
71500 138
71600 138
71700 138
71800 138
71900 139
72000 139
72100 139
72200 139
72300 139
72400 140
72500 140
72600 140
72700 140
72800 140
72900 141
73000 141
73100 141
73200 141
73300 141
73400 141
73500 142
73600 142
73700 142
73800 142
73900 143
74000 143
74100 143
74200 143
74300 143
74400 144
74500 144
74600 144
74700 144
74800 144
74900 144
75000 145
75100 145
75200 145
75300 145
75400 145
75500 146
75600 146
75700 146
75800 146
75900 146
76000 147
76100 147
76200 147
76300 147
76400 147
76500 147
76600 148
76700 148
76800 148
76900 148
77000 149
77100 149
77200 149
77300 149
77400 149
77500 149
77600 150
77700 150
77800 150
77900 150
78000 151
78100 151
78200 151
78300 151
78400 151
78500 151
78600 152
78700 152
78800 152
78900 152
79000 153
79100 152
79200 153
79300 153
79400 153
79500 153
79600 153
79700 154
79800 154
79900 154
80000 154
80100 154
80200 155
80300 155
80400 155
80500 155
80600 155
80700 156
80800 156
80900 156
81000 156
81100 157
81200 157
81300 157
81400 157
81500 157
81600 157
81700 157
81800 158
81900 158
82000 158
82100 158
82200 159
82300 158
82400 159
82500 159
82600 159
82700 160
82800 160
82900 160
83000 160
83100 160
83200 160
83300 161
83400 161
83500 161
83600 161
83700 161
83800 162
83900 162
84000 162
84100 162
84200 163
84300 163
84400 163
84500 163
84600 163
84700 163
84800 164
84900 164
85000 164
85100 164
85200 164
85300 165
85400 165
85500 165
85600 165
85700 165
85800 165
85900 166
86000 166
86100 166
86200 166
86300 167
86400 167
86500 167
86600 167
86700 167
86800 168
86900 168
87000 168
87100 168
87200 168
87300 168
87400 169
87500 169
87600 169
87700 169
87800 169
87900 170
88000 170
88100 170
88200 170
88300 170
88400 171
88500 171
88600 171
88700 171
88800 171
88900 171
89000 172
89100 172
89200 172
89300 172
89400 173
89500 173
89600 173
89700 173
89800 173
89900 174
90000 174
90100 174
90200 174
90300 174
90400 174
90500 175
90600 175
90700 175
90800 175
90900 175
91000 176
91100 176
91200 176
91300 176
91400 176
91500 177
91600 177
91700 177
91800 177
91900 177
92000 178
92100 178
92200 178
92300 178
92400 178
92500 179
92600 179
92700 179
92800 179
92900 179
93000 180
93100 180
93200 180
93300 180
93400 180
93500 180
93600 181
93700 181
93800 181
93900 181
94000 182
94100 182
94200 182
94300 182
94400 182
94500 183
94600 183
94700 183
94800 183
94900 183
95000 183
95100 184
95200 184
95300 184
95400 184
95500 184
95600 184
95700 185
95800 185
95900 185
96000 185
96100 185
96200 186
96300 186
96400 191
96500 192
96600 186
96700 187
96800 192
96900 187
97000 187
97100 188
97200 188
97300 188
97400 188
97500 194
97600 212
97700 200
97800 200
97900 201
98000 200
98100 200
98200 200
98300 195
98400 195
98500 196
98600 196
98700 196
98800 196
98900 196
99000 196
99100 197
99200 197
99300 197
99400 192
99500 192
99600 192
99700 192
99800 193
99900 193
100000 193
