10000 28
10100 27
10200 28
10300 28
10400 28
10500 28
10600 29
10700 29
10800 29
10900 29
11000 30
11100 30
11200 30
11300 30
11400 31
11500 31
11600 31
11700 32
11800 32
11900 32
12000 32
12100 33
12200 33
12300 33
12400 34
12500 34
12600 34
12700 34
12800 34
12900 35
13000 35
13100 35
13200 36
13300 36
13400 36
13500 36
13600 37
13700 37
13800 37
13900 37
14000 38
14100 38
14200 38
14300 39
14400 39
14500 39
14600 39
14700 40
14800 40
14900 40
15000 41
15100 41
15200 41
15300 41
15400 42
15500 42
15600 42
15700 42
15800 43
15900 43
16000 43
16100 44
16200 44
16300 44
16400 44
16500 45
16600 45
16700 45
16800 45
16900 46
17000 46
17100 46
17200 47
17300 47
17400 47
17500 47
17600 48
17700 47
17800 47
17900 47
18000 49
18100 49
18200 49
18300 50
18400 50
18500 49
18600 49
18700 49
18800 49
18900 49
19000 50
19100 50
19200 50
19300 50
19400 51
19500 51
19600 51
19700 52
19800 52
19900 52
20000 53
20100 53
20200 53
20300 53
20400 55
20500 56
20600 54
20700 54
20800 54
20900 55
21000 55
21100 55
21200 56
21300 58
21400 58
21500 58
21600 59
21700 57
21800 57
21900 57
22000 58
22100 58
22200 58
22300 58
22400 59
22500 59
22600 59
22700 58
22800 58
22900 58
23000 58
23100 58
23200 59
23300 59
23400 59
23500 58
23600 58
23700 58
23800 58
23900 59
24000 59
24100 59
24200 59
24300 60
24400 60
24500 60
24600 61
24700 60
24800 61
24900 61
25000 60
25100 60
25200 60
25300 60
25400 61
25500 60
25600 61
25700 59
25800 60
25900 60
26000 60
26100 60
26200 61
26300 61
26400 61
26500 61
26600 61
26700 62
26800 62
26900 62
27000 62
27100 63
27200 63
27300 61
27400 61
27500 62
27600 62
27700 62
27800 62
27900 63
28000 63
28100 63
28200 63
28300 64
28400 64
28500 64
28600 64
28700 65
28800 65
28900 65
29000 65
29100 65
29200 66
29300 66
29400 66
29500 66
29600 67
29700 67
29800 67
29900 67
30000 68
30100 68
30200 68
30300 68
30400 69
30500 69
30600 69
30700 69
30800 69
30900 68
31000 68
31100 66
31200 66
31300 67
31400 67
31500 67
31600 67
31700 68
31800 68
31900 68
32000 68
32100 68
32200 69
32300 69
32400 68
32500 69
32600 70
32700 70
32800 70
32900 72
33000 74
33100 75
33200 75
33300 75
33400 75
33500 75
33600 76
33700 76
33800 76
33900 76
34000 77
34100 77
34200 77
34300 77
34400 77
34500 78
34600 78
34700 78
34800 78
34900 78
35000 76
35100 77
35200 79
35300 79
35400 80
35500 77
35600 78
35700 80
35800 80
35900 81
36000 79
36100 79
36200 82
36300 82
36400 82
36500 83
36600 83
36700 85
36800 85
36900 85
37000 86
37100 86
37200 86
37300 86
37400 87
37500 87
37600 87
37700 87
37800 88
37900 88
38000 88
38100 88
38200 89
38300 89
38400 89
38500 89
38600 90
38700 90
38800 90
38900 90
39000 91
39100 91
39200 91
39300 91
39400 89
39500 86
39600 87
39700 87
39800 90
39900 90
40000 90
40100 90
40200 91
40300 90
40400 91
40500 91
40600 89
40700 89
40800 89
40900 90
41000 92
41100 93
41200 92
41300 93
41400 93
41500 93
41600 94
41700 94
41800 94
41900 94
42000 92
42100 95
42200 92
42300 90
42400 90
42500 90
42600 91
42700 91
42800 91
42900 91
43000 92
43100 92
43200 92
43300 92
43400 92
43500 93
43600 93
43700 93
43800 93
43900 94
44000 94
44100 94
44200 94
44300 94
44400 95
44500 95
44600 95
44700 95
44800 95
44900 96
45000 96
45100 96
45200 96
45300 96
45400 97
45500 97
45600 97
45700 97
45800 98
45900 98
46000 98
46100 98
46200 98
46300 98
46400 99
46500 99
46600 99
46700 99
46800 100
46900 100
47000 100
47100 100
47200 101
47300 101
47400 101
47500 101
47600 101
47700 101
47800 102
47900 102
48000 102
48100 102
48200 103
48300 103
48400 103
48500 103
48600 104
48700 104
48800 104
48900 104
49000 104
49100 105
49200 105
49300 105
49400 105
49500 105
49600 105
49700 106
49800 106
49900 106
50000 107
50100 107
50200 107
50300 107
50400 107
50500 108
50600 108
50700 108
50800 108
50900 109
51000 109
51100 109
51200 109
51300 109
51400 110
51500 110
51600 110
51700 110
51800 110
51900 110
52000 111
52100 111
52200 111
52300 111
52400 112
52500 111
52600 112
52700 112
52800 113
52900 113
53000 113
53100 113
53200 113
53300 113
53400 114
53500 114
53600 114
53700 114
53800 115
53900 115
54000 115
54100 115
54200 115
54300 116
54400 116
54500 116
54600 116
54700 117
54800 117
54900 117
55000 117
55100 118
55200 117
55300 118
55400 118
55500 118
55600 119
55700 119
55800 119
55900 119
56000 119
56100 120
56200 120
56300 120
56400 120
56500 121
56600 123
56700 124
56800 124
56900 125
57000 125
57100 125
57200 125
57300 125
57400 126
57500 126
57600 126
57700 126
57800 126
57900 127
58000 127
58100 127
58200 128
58300 124
58400 124
58500 125
58600 125
58700 125
58800 125
58900 126
59000 126
59100 126
59200 126
59300 126
59400 127
59500 127
59600 127
59700 127
59800 128
59900 127
60000 128
60100 128
60200 128
60300 128
60400 129
60500 129
60600 129
60700 129
60800 130
60900 130
61000 130
61100 130
61200 130
61300 131
61400 131
61500 131
61600 131
61700 132
61800 132
61900 132
62000 132
62100 132
62200 133
62300 133
62400 133
62500 133
62600 133
62700 133
62800 134
62900 134
63000 134
63100 134
63200 135
63300 134
63400 135
63500 136
63600 136
63700 136
63800 136
63900 136
64000 137
64100 136
64200 137
64300 137
64400 138
64500 138
64600 138
64700 138
64800 138
64900 138
65000 139
65100 139
65200 139
65300 139
65400 139
65500 140
65600 140
65700 140
65800 140
65900 140
66000 141
66100 141
66200 140
66300 141
66400 141
66500 142
66600 142
66700 142
66800 142
66900 141
67000 143
67100 143
67200 143
67300 144
67400 144
67500 144
67600 144
67700 144
67800 144
67900 145
68000 145
68100 145
68200 145
68300 145
68400 146
68500 146
68600 146
68700 146
68800 147
68900 147
69000 147
69100 147
69200 148
69300 148
69400 148
69500 148
69600 148
69700 149
69800 153
69900 154
70000 158
70100 163
70200 154
70300 154
70400 155
70500 155
70600 155
70700 155
70800 155
70900 155
71000 156
71100 156
71200 156
71300 156
71400 157
71500 157
71600 157
71700 157
71800 157
71900 158
72000 158
72100 158
72200 158
72300 160
72400 163
72500 168
72600 169
72700 169
72800 169
72900 169
73000 169
73100 165
73200 161
73300 161
73400 161
73500 161
73600 161
73700 162
73800 162
73900 162
74000 162
74100 162
74200 162
74300 163
74400 163
74500 164
74600 164
74700 164
74800 164
74900 164
75000 165
75100 164
75200 165
75300 165
75400 165
75500 166
75600 166
75700 166
75800 166
75900 166
76000 167
76100 167
76200 162
76300 164
76400 167
76500 168
76600 168
76700 168
76800 168
76900 168
77000 169
77100 169
77200 169
77300 170
77400 170
77500 170
77600 170
77700 170
77800 170
77900 171
78000 171
78100 171
78200 171
78300 167
78400 167
78500 168
78600 168
78700 168
78800 168
78900 169
79000 173
79100 173
79200 174
79300 174
79400 174
79500 174
79600 174
79700 175
79800 175
79900 175
80000 176
80100 176
80200 176
80300 176
80400 176
80500 176
80600 177
80700 177
80800 173
80900 172
81000 173
81100 173
81200 173
81300 176
81400 178
81500 179
81600 179
81700 179
81800 179
81900 180
82000 180
82100 180
82200 180
82300 180
82400 181
82500 180
82600 181
82700 181
82800 182
82900 182
83000 177
83100 177
83200 183
83300 183
83400 183
83500 183
83600 179
83700 179
83800 179
83900 179
84000 179
84100 179
84200 179
84300 180
84400 180
84500 180
84600 180
84700 181
84800 181
84900 181
85000 181
85100 182
85200 182
85300 182
85400 181
85500 182
85600 182
85700 183
85800 183
85900 183
86000 184
86100 184
86200 184
86300 184
86400 184
86500 185
86600 185
86700 185
86800 185
86900 185
87000 186
87100 186
87200 186
87300 186
87400 187
87500 187
87600 187
87700 187
87800 188
87900 188
88000 188
88100 188
88200 188
88300 189
88400 189
88500 189
88600 189
88700 189
88800 189
88900 190
89000 190
89100 190
89200 191
89300 191
89400 191
89500 191
89600 191
89700 192
89800 192
89900 192
90000 192
90100 192
90200 193
90300 193
90400 194
90500 193
90600 198
90700 199
90800 199
90900 200
91000 200
91100 200
91200 200
91300 200
91400 195
91500 195
91600 196
91700 196
91800 196
91900 196
92000 196
92100 196
92200 196
92300 197
92400 197
92500 197
92600 198
92700 198
92800 198
92900 198
93000 199
93100 197
93200 199
93300 199
93400 199
93500 200
93600 200
93700 206
93800 206
93900 206
94000 206
94100 207
94200 207
94300 207
94400 207
94500 207
94600 207
94700 208
94800 208
94900 208
95000 208
95100 208
95200 203
95300 203
95400 203
95500 204
95600 202
95700 210
95800 210
95900 211
96000 217
96100 210
96200 212
96300 224
96400 213
96500 221
96600 225
96700 225
96800 225
96900 225
97000 225
97100 226
97200 220
97300 214
97400 213
97500 214
97600 214
97700 214
97800 214
97900 215
98000 215
98100 215
98200 215
98300 215
98400 215
98500 216
98600 217
98700 216
98800 211
98900 211
99000 211
99100 212
99200 212
99300 212
99400 212
99500 212
99600 213
99700 213
99800 213
99900 213
100000 214
