1000 2392
1010 2150
1020 2074
1030 1852
1040 1784
1050 1818
1060 1855
1070 1890
1080 1926
1090 1961
1100 1996
1110 2031
1120 2071
1130 2103
1140 2141
1150 2183
1160 2220
1170 2256
1180 2296
1190 2337
1200 2375
1210 2415
1220 2450
1230 2496
1240 2531
1250 2578
1260 2613
1270 2661
1280 2701
1290 2745
1300 2787
1310 2829
1320 2873
1330 2917
1340 2960
1350 3000
1360 3049
1370 3095
1380 3145
1390 3185
1400 3232
1410 3278
1420 3324
1430 3371
1440 3422
1450 3466
1460 3513
1470 3567
1480 3612
1490 3661
1500 3709
1510 3768
1520 3810
1530 3870
1540 3914
1550 3969
1560 4016
1570 4072
1580 4128
1590 4169
1600 4224
1610 4274
1620 4327
1630 4384
1640 4434
1650 4491
1660 4547
1670 4600
1680 4656
1690 4709
1700 4766
1710 4826
1720 4882
1730 4940
1740 4994
1750 5053
1760 5108
1770 5171
1780 5227
1790 5286
1800 5341
1810 5406
1820 5465
1830 5526
1840 5588
1850 5645
1860 5708
1870 5769
1880 5830
1890 5894
1900 5958
1910 6016
1920 6082
1930 6142
1940 6205
1950 6268
1960 6335
1970 6236
1980 6295
1990 6357
2000 6596
2010 6665
2020 6729
2030 6796
2040 6864
2050 6742
2060 6808
2070 6880
2080 6946
2090 7013
2100 7083
2110 7149
2120 7212
2130 7285
2140 7350
2150 7421
2160 7491
2170 7562
2180 7630
2190 7700
2200 7772
2210 7848
2220 7915
2230 7986
2240 8059
2250 8136
2260 8196
2270 8277
2280 8350
2290 8420
2300 8492
2310 8569
2320 8643
2330 8718
2340 8787
2350 8869
2360 8944
2370 9021
2380 9097
2390 9172
2400 9252
2410 9327
2420 9404
2430 9482
2440 9559
2450 9639
2460 9718
2470 9796
2480 9841
2490 9922
2500 10022
2510 10075
2520 10182
2530 10272
2540 10358
2550 10441
2560 10523
2570 10604
2580 10676
2590 10769
2600 10853
2610 10939
2620 11019
2630 11104
2640 11189
2650 11277
2660 11365
2670 11447
2680 11530
2690 11618
2700 11740
2710 11839
2720 11890
2730 11978
2740 12056
2750 12150
2760 12229
2770 12318
2780 12406
2790 12498
2800 12585
2810 12681
2820 12769
2830 12861
2840 12953
2850 13036
2860 13131
2870 13221
2880 13313
2890 13410
2900 13499
2910 13592
2920 13690
2930 13790
2940 13877
2950 13968
2960 14104
2970 14159
2980 14289
2990 14388
3000 14436
3010 14545
3020 14638
3030 14741
3040 14886
3050 14974
3060 15025
3070 15178
3080 15273
3090 15370
3100 15425
3110 15619
3120 15633
3130 15778
3140 15872
3150 15983
3160 16083
3170 16175
3180 16421
3190 16487
3200 16524
3210 16674
3220 16783
3230 16844
3240 17036
3250 17139
3260 17224
3270 17236
3280 17453
3290 17623
3300 17670
3310 17731
3320 17873
3330 17939
3340 18077
3350 18228
3360 18241
3370 18425
3380 18566
3390 18645
3400 18794
3410 18923
3420 19013
3430 19149
3440 19282
3450 19379
3460 19512
3470 19575
3480 19699
3490 19841
3500 19938
3510 20004
3520 20157
3530 20263
3540 20431
3550 20551
3560 20676
3570 20825
3580 20962
3590 21029
3600 21173
3610 21269
3620 21423
3630 21515
3640 21661
3650 21745
3660 21867
3670 22024
3680 22173
3690 22285
3700 22421
3710 22544
3720 22611
3730 22734
3740 22866
3750 23034
3760 23147
3770 23294
3780 23427
3790 23554
3800 23618
3810 23772
3820 23890
3830 24009
3840 24146
3850 24183
3860 24491
3870 24549
3880 24685
3890 24825
3900 24951
3910 25099
3920 25186
3930 25340
3940 25481
3950 25581
3960 25701
3970 25873
3980 25959
3990 26112
4000 26245
4010 26424
4020 26464
4030 26628
4040 26776
4050 26942
4060 27085
4070 27238
4080 27308
4090 27512
4100 27641
4110 27752
4120 27932
4130 28442
4140 28694
4150 28860
4160 28968
4170 29073
4180 29242
4190 29363
4200 29575
4210 29693
4220 29796
4230 30003
4240 30169
4250 30208
4260 29904
4270 30045
4280 30182
4290 30316
4300 30439
4310 30604
4320 30744
4330 30855
4340 31027
4350 31138
4360 31311
4370 31449
4380 31602
4390 31755
4400 31880
4410 32042
4420 32200
4430 32336
4440 32484
4450 32620
4460 32770
4470 32916
4480 33061
4490 33214
4500 33360
4510 33511
4520 33661
4530 33814
4540 33956
4550 34105
4560 34248
4570 34400
4580 34551
4590 34707
4600 34861
4610 35004
4620 35165
4630 35310
4640 35471
4650 35624
4660 35774
4670 35932
4680 36087
4690 36231
4700 36385
4710 36540
4720 36706
4730 36850
4740 37013
4750 37162
4760 37325
4770 37479
4780 37639
4790 37806
4800 37961
4810 38121
4820 38271
4830 38436
4840 38637
4850 38750
4860 38912
4870 39093
4880 39225
4890 39386
4900 39549
4910 39719
4920 39876
4930 40031
4940 40213
4950 40376
4960 40525
4970 40692
4980 40850
4990 41010
5000 41194
5010 41451
5020 41693
5030 41695
5040 41833
5050 42028
5060 42214
5070 42519
5080 42600
5090 42676
5100 42905
5110 43030
5120 43367
5130 43408
5140 43672
5150 43856
5160 43905
5170 44032
5180 44372
5190 44367
5200 44585
5210 44887
5220 45036
5230 45138
5240 45228
5250 45570
5260 45754
5270 45948
5280 46085
5290 46308
5300 46471
5310 46677
5320 46794
5330 47139
5340 47126
5350 47414
5360 47478
5370 47712
5380 47944
5390 48148
5400 48354
5410 48524
5420 48578
5430 48772
5440 49023
5450 49278
5460 49358
5470 49571
5480 49762
5490 49955
5500 50131
5510 50413
5520 50777
5530 50914
5540 51036
5550 51315
5560 51295
5570 51496
5580 51672
5590 51816
5600 51842
5610 51887
5620 52335
5630 52658
5640 53800
5650 53938
5660 54154
5670 54368
5680 54539
5690 54758
5700 54204
5710 53965
5720 54244
5730 54494
5740 54593
5750 54863
5760 54926
5770 55068
5780 55397
5790 55569
5800 55777
5810 55943
5820 56302
5830 56430
5840 56531
5850 56770
5860 57004
5870 56975
5880 57295
5890 57534
5900 57595
5910 57887
5920 58167
5930 58576
5940 58553
5950 58920
5960 58977
5970 59159
5980 59279
5990 59465
6000 59716
6010 59918
6020 60167
6030 60364
6040 60519
6050 60685
6060 60821
6070 61156
6080 61195
6090 61387
6100 61638
6110 61820
6120 61941
6130 62290
6140 62477
6150 62535
6160 62894
6170 63180
6180 63353
6190 63472
6200 63654
6210 63908
6220 64096
6230 64281
6240 64511
6250 64696
6260 64938
6270 65110
6280 65287
6290 65519
6300 65705
6310 65929
6320 66204
6330 66400
6340 66525
6350 66737
6360 66925
6370 67281
6380 67668
6390 67698
6400 67845
6410 68256
6420 68511
6430 68569
6440 68759
6450 68986
6460 69222
6470 69392
6480 69594
6490 69849
6500 70040
6510 70082
6520 70498
6530 70472
6540 70702
6550 71152
6560 71244
6570 71539
6580 71870
6590 71925
6600 73586
6610 73896
6620 74075
6630 74363
6640 74592
6650 73588
6660 73705
6670 73972
6680 74097
6690 74367
6700 74588
6710 74717
6720 75015
6730 75429
6740 75264
6750 75786
6760 75847
6770 76219
6780 76399
6790 76741
6800 76983
6810 77141
6820 77482
6830 77682
6840 77801
6850 78028
6860 78392
6870 78497
6880 78852
6890 78932
6900 79302
6910 79547
6920 79777
6930 79935
6940 80016
6950 80421
6960 80668
6970 80826
6980 81039
6990 81331
7000 81476
7010 81812
7020 81849
7030 82178
7040 82406
7050 82731
7060 82694
7070 83069
7080 83467
7090 83795
7100 84020
7110 84060
7120 84267
7130 84523
7140 84727
7150 84992
7160 85375
7170 85179
7180 85793
7190 85804
7200 86278
7210 86641
7220 86591
7230 87065
7240 87291
7250 87714
7260 87747
7270 88091
7280 88252
7290 88621
7300 88822
7310 89064
7320 89237
7330 89495
7340 91191
7350 91450
7360 91687
7370 91939
7380 90817
7390 91139
7400 91495
7410 91860
7420 91952
7430 92211
7440 92521
7450 92553
7460 93020
7470 93258
7480 93563
7490 93769
7500 93965
7510 94323
7520 94599
7530 94755
7540 94742
7550 95075
7560 95468
7570 95748
7580 95936
7590 96219
7600 96497
7610 96697
7620 96844
7630 97139
7640 97496
7650 97598
7660 97898
7670 98304
7680 98590
7690 98788
7700 99133
7710 99288
7720 99647
7730 99672
7740 100101
7750 100371
7760 100780
7770 100896
7780 101240
7790 101294
7800 101634
7810 101926
7820 102159
7830 102526
7840 102882
7850 103170
7860 103380
7870 103625
7880 103875
7890 104157
7900 104258
7910 104646
7920 104940
7930 105008
7940 105402
7950 106505
7960 107649
7970 107770
7980 106671
7990 106693
8000 107140
8010 107442
8020 107568
8030 108004
8040 108223
8050 108527
8060 108863
8070 109014
8080 109494
8090 109604
8100 109697
8110 110005
8120 110332
8130 110748
8140 110975
8150 111321
8160 111186
8170 111718
8180 111982
8190 112045
8200 112642
8210 112766
8220 113214
8230 113378
8240 113772
8250 113936
8260 114081
8270 114483
8280 114748
8290 115153
8300 115424
8310 115716
8320 116007
8330 116114
8340 116480
8350 116666
8360 117117
8370 117439
8380 117614
8390 118006
8400 118293
8410 118403
8420 118930
8430 119016
8440 119267
8450 119547
8460 119747
8470 120271
8480 121792
8490 122795
8500 122918
8510 121533
8520 121896
8530 122166
8540 122345
8550 122735
8560 122838
8570 122984
8580 123412
8590 123792
8600 124018
8610 124467
8620 124592
8630 124921
8640 125148
8650 125463
8660 125998
8670 126255
8680 126633
8690 126854
8700 127094
8710 127390
8720 127705
8730 128046
8740 128300
8750 128613
8760 128755
8770 129278
8780 129600
8790 129894
8800 130239
8810 130337
8820 130779
8830 131052
8840 131409
8850 131675
8860 131908
8870 132198
8880 132518
8890 132940
8900 133152
8910 133462
8920 133808
8930 134130
8940 134366
8950 136671
8960 137090
8970 136182
8980 135632
8990 136004
9000 136026
9010 136454
9020 136826
9030 136990
9040 137445
9050 137749
9060 138237
9070 138325
9080 138788
9090 139116
9100 139367
9110 139796
9120 140008
9130 140362
9140 140675
9150 141067
9160 141229
9170 141491
9180 141908
9190 142176
9200 142297
9210 142939
9220 143275
9230 143527
9240 143675
9250 144068
9260 144278
9270 144667
9280 144965
9290 145510
9300 145704
9310 145915
9320 146225
9330 146543
9340 146853
9350 147201
9360 147401
9370 147845
9380 150804
9390 151223
9400 149008
9410 149196
9420 149513
9430 149753
9440 150026
9450 150465
9460 150723
9470 151138
9480 151494
9490 151956
9500 152211
9510 152519
9520 152756
9530 153133
9540 153365
9550 153608
9560 154081
9570 154400
9580 154611
9590 154955
9600 155399
9610 155569
9620 155932
9630 156170
9640 156585
9650 157018
9660 157292
9670 157693
9680 158052
9690 158228
9700 158729
9710 158931
9720 159476
9730 159687
9740 159926
9750 160345
9760 160863
9770 164001
9780 161553
9790 161725
9800 162147
9810 162479
9820 162871
9830 163181
9840 163427
9850 163870
9860 164153
9870 164643
9880 164907
9890 165267
9900 165461
9910 165802
9920 166166
9930 166560
9940 166830
9950 167116
9960 167437
9970 167901
9980 168183
9990 168509
10000 168932
