1000 3241
1010 2833
1020 2812
1030 2867
1040 2923
1050 2978
1060 3036
1070 3094
1080 3150
1090 3209
1100 3269
1110 3330
1120 3389
1130 3462
1140 3510
1150 3571
1160 3635
1170 3698
1180 3762
1190 3826
1200 3890
1210 3956
1220 4021
1230 4088
1240 4153
1250 4220
1260 4286
1270 4355
1280 4423
1290 4493
1300 4562
1310 4633
1320 4704
1330 4775
1340 4847
1350 4920
1360 4993
1370 5066
1380 5139
1390 5215
1400 5291
1410 5366
1420 5442
1430 5518
1440 5596
1450 5674
1460 5752
1470 5831
1480 5910
1490 5991
1500 6070
1510 6154
1520 6233
1530 6317
1540 6398
1550 6481
1560 6566
1570 6649
1580 6736
1590 6821
1600 6906
1610 6990
1620 7077
1630 7166
1640 7253
1650 7342
1660 7431
1670 7521
1680 7610
1690 7702
1700 7794
1710 7882
1720 7978
1730 8070
1740 8163
1750 8258
1760 8352
1770 8447
1780 8543
1790 8640
1800 8507
1810 8601
1820 8695
1830 8790
1840 8885
1850 8986
1860 9085
1870 9180
1880 9276
1890 9375
1900 9474
1910 9572
1920 9674
1930 9774
1940 9877
1950 9978
1960 10080
1970 10183
1980 10288
1990 10390
2000 10496
2010 10602
2020 10708
2030 10814
2040 10914
2050 11026
2060 11134
2070 11241
2080 11349
2090 11462
2100 11572
2110 11681
2120 11794
2130 11906
2140 12015
2150 12129
2160 12240
2170 12354
2180 12402
2190 12582
2200 12697
2210 12813
2220 12928
2230 13045
2240 13161
2250 13278
2260 13396
2270 13516
2280 13634
2290 13752
2300 13874
2310 13997
2320 14116
2330 14236
2340 14359
2350 14482
2360 14606
2370 14731
2380 14853
2390 14980
2400 15104
2410 15229
2420 15358
2430 15483
2440 15446
2450 15742
2460 15873
2470 16001
2480 16128
2490 16261
2500 16386
2510 16521
2520 16731
2530 16863
2540 16995
2550 17129
2560 17262
2570 17397
2580 17532
2590 17665
2600 17805
2610 17937
2620 18075
2630 18218
2640 18354
2650 18491
2660 18632
2670 18766
2680 18909
2690 19050
2700 19151
2710 19295
2720 19473
2730 19575
2740 19687
2750 19870
2760 19973
2770 20157
2780 20305
2790 20447
2800 20634
2810 20743
2820 20887
2830 21116
2840 21256
2850 21368
2860 21523
2870 21630
2880 21864
2890 21983
2900 22173
2910 22323
2920 22446
2930 22594
2940 22780
2950 22937
2960 23054
2970 23239
2980 23410
2990 23595
3000 23700
3010 23833
3020 24016
3030 24229
3040 24358
3050 24517
3060 24679
3070 24862
3080 24999
3090 25187
3100 25329
3110 25486
3120 25683
3130 25846
3140 26001
3150 26215
3160 26303
3170 26487
3180 26667
3190 26828
3200 26972
3210 27143
3220 27324
3230 27532
3240 27721
3250 27868
3260 28130
3270 28269
3280 28432
3290 28699
3300 28902
3310 29043
3320 29194
3330 29357
3340 29516
3350 29744
3360 29912
3370 30045
3380 30257
3390 30492
3400 30650
3410 30820
3420 31019
3430 31270
3440 31435
3450 31521
3460 31788
3470 32001
3480 32181
3490 32312
3500 32586
3510 32800
3520 32914
3530 33143
3540 33333
3550 33590
3560 33730
3570 33892
3580 34031
3590 34289
3600 34423
3610 34706
3620 34944
3630 35050
3640 35305
3650 35488
3660 35609
3670 35894
3680 36069
3690 36251
3700 36486
3710 36672
3720 36878
3730 37083
3740 37234
3750 37556
3760 37667
3770 37932
3780 38071
3790 38259
3800 38420
3810 38872
3820 39498
3830 39783
3840 39960
3850 40219
3860 40477
3870 40555
3880 40856
3890 40483
3900 40357
3910 40940
3920 41007
3930 41233
3940 41472
3950 41731
3960 42025
3970 42147
3980 42439
3990 42639
4000 42777
4010 43037
4020 43192
4030 43483
4040 43728
4050 43926
4060 44215
4070 44250
4080 44579
4090 44854
4100 45108
4110 45078
4120 45354
4130 45781
4140 46056
4150 46075
4160 46380
4170 46598
4180 46954
4190 47047
4200 47257
4210 47627
4220 47854
4230 48128
4240 48213
4250 48445
4260 48716
4270 49050
4280 49251
4290 49468
4300 49696
4310 50036
4320 50202
4330 50440
4340 50528
4350 50930
4360 51284
4370 51450
4380 51680
4390 51860
4400 52146
4410 52489
4420 52669
4430 52968
4440 53114
4450 53382
4460 53673
4470 53935
4480 54107
4490 54377
4500 54576
4510 54835
4520 55192
4530 55356
4540 55580
4550 55912
4560 56096
4570 56301
4580 56645
4590 56822
4600 57225
4610 57371
4620 57857
4630 58049
4640 58061
4650 58381
4660 58615
4670 58858
4680 59199
4690 59463
4700 59692
4710 59936
4720 60155
4730 60316
4740 60867
4750 60882
4760 61389
4770 61655
4780 61839
4790 62221
4800 62350
4810 62649
4820 63014
4830 63178
4840 63437
4850 63909
4860 63923
4870 64371
4880 64616
4890 64969
4900 65218
4910 65484
4920 65767
4930 65932
4940 66297
4950 66642
4960 67016
4970 68071
4980 68431
4990 68657
5000 68980
5010 69199
5020 68568
5030 68838
5040 69240
5050 69393
5060 69699
5070 70022
5080 70251
5090 70452
5100 70696
5110 71026
5120 71347
5130 71385
5140 71850
5150 71996
5160 72490
5170 72777
5180 72795
5190 73251
5200 73692
5210 73876
5220 74078
5230 74577
5240 74840
5250 75049
5260 75267
5270 75556
5280 75890
5290 76240
5300 76527
5310 76679
5320 77159
5330 77480
5340 77737
5350 77921
5360 78421
5370 78695
5380 78831
5390 79224
5400 79496
5410 79801
5420 80178
5430 80381
5440 80643
5450 81027
5460 81325
5470 81640
5480 81964
5490 82206
5500 82470
5510 82825
5520 83149
5530 83505
5540 83797
5550 84026
5560 84390
5570 84684
5580 85176
5590 85339
5600 85537
5610 85805
5620 86294
5630 86546
5640 86764
5650 87194
5660 87494
5670 87859
5680 88137
5690 88466
5700 88812
5710 89158
5720 89611
5730 91117
5740 91958
5750 92033
5760 92435
5770 91171
5780 91544
5790 91806
5800 92039
5810 92398
5820 92716
5830 93006
5840 93383
5850 93654
5860 94052
5870 94458
5880 94755
5890 95139
5900 95268
5910 95586
5920 95939
5930 96384
5940 96622
5950 96969
5960 97369
5970 97700
5980 97972
5990 98468
6000 98763
6010 99081
6020 99545
6030 99680
6040 99906
6050 100368
6060 100611
6070 100981
6080 101437
6090 101809
6100 102152
6110 102382
6120 102835
6130 103126
6140 103397
6150 103906
6160 104187
6170 104543
6180 104981
6190 105248
6200 105622
6210 105851
6220 106196
6230 106497
6240 106833
6250 107236
6260 107596
6270 107979
6280 108327
6290 108544
6300 108979
6310 109419
6320 109801
6330 111824
6340 112745
6350 112954
6360 111702
6370 111592
6380 111886
6390 112213
6400 112633
6410 112794
6420 113398
6430 113572
6440 113879
6450 114382
6460 114777
6470 115051
6480 115749
6490 115845
6500 116300
6510 116592
6520 116944
6530 117174
6540 117635
6550 117943
6560 118430
6570 118588
6580 119057
6590 119393
6600 119720
6610 120125
6620 120543
6630 120853
6640 121279
6650 121782
6660 122082
6670 122407
6680 122861
6690 123248
6700 123609
6710 123864
6720 124226
6730 124757
6740 124949
6750 125303
6760 125795
6770 126225
6780 126520
6790 126856
6800 127280
6810 127725
6820 128041
6830 128696
6840 131572
6850 131732
6860 130029
6870 130010
6880 130455
6890 130762
6900 131162
6910 131652
6920 131921
6930 132220
6940 132868
6950 133166
6960 133470
6970 133935
6980 134152
6990 134584
7000 134926
7010 135449
7020 135967
7030 136439
7040 136678
7050 136968
7060 137483
7070 137870
7080 138184
7090 138640
7100 138849
7110 139638
7120 139704
7130 140026
7140 140812
7150 141244
7160 141453
7170 141837
7180 142277
7190 142643
7200 142941
7210 143424
7220 143773
7230 144091
7240 144526
7250 145166
7260 145670
7270 148802
7280 149016
7290 147044
7300 147267
7310 147676
7320 148216
7330 148434
7340 148784
7350 149292
7360 149646
7370 150013
7380 150485
7390 150872
7400 151406
7410 151901
7420 152305
7430 152549
7440 152958
7450 153501
7460 153870
7470 154266
7480 154716
7490 154772
7500 155314
7510 155685
7520 156136
7530 156629
7540 157028
7550 157330
7560 157923
7570 158278
7580 158894
7590 159199
7600 159621
7610 160043
7620 160668
7630 160963
7640 161310
7650 161635
7660 165356
7670 165582
7680 163253
7690 163336
7700 163711
7710 164446
7720 164904
7730 165199
7740 165455
7750 165584
7760 166528
7770 166981
7780 167230
7790 167244
7800 167863
7810 168481
7820 168978
7830 169193
7840 169665
7850 170138
7860 170592
7870 171315
7880 171959
7890 172336
7900 172702
7910 173111
7920 173864
7930 174003
7940 174443
7950 174772
7960 175139
7970 176161
7980 176187
7990 176503
8000 177016
8010 177750
8020 181475
8030 178843
8040 179265
8050 179677
8060 180096
8070 180590
8080 180883
8090 181360
8100 181632
8110 182122
8120 182516
8130 183153
8140 183616
8150 184066
8160 184347
8170 184808
8180 185464
8190 185719
8200 186165
8210 186548
8220 187116
8230 187372
8240 187937
8250 188366
8260 188949
8270 189540
8280 189966
8290 190209
8300 190746
8310 191379
8320 191537
8330 192379
8340 196316
8350 193952
8360 193954
8370 194428
8380 194801
8390 194721
8400 195406
8410 196112
8420 196089
8430 197077
8440 197411
8450 197943
8460 198434
8470 198950
8480 199399
8490 199773
8500 200179
8510 200645
8520 201208
8530 201622
8540 202148
8550 202478
8560 203029
8570 203659
8580 204142
8590 204567
8600 204907
8610 205469
8620 206056
8630 206506
8640 211040
8650 207561
8660 208176
8670 208681
8680 209036
8690 209329
8700 210087
8710 210805
8720 210844
8730 211613
8740 211947
8750 212693
8760 213167
8770 213535
8780 214176
8790 214758
8800 215071
8810 215634
8820 216061
8830 216159
8840 216571
8850 217305
8860 217825
8870 218637
8880 219073
8890 219522
8900 220246
8910 220850
8920 225134
8930 221837
8940 222128
8950 222568
8960 222826
8970 223706
8980 223812
8990 224669
9000 224548
9010 225949
9020 226348
9030 226533
9040 226991
9050 227606
9060 228062
9070 228401
9080 228781
9090 229103
9100 229880
9110 230550
9120 231070
9130 231471
9140 231858
9150 232844
9160 233254
9170 234002
9180 238766
9190 235419
9200 235761
9210 236153
9220 236427
9230 236901
9240 237504
9250 238230
9260 238465
9270 238892
9280 239721
9290 240255
9300 240385
9310 241128
9320 241939
9330 242543
9340 242969
9350 243319
9360 243979
9370 244528
9380 245001
9390 245325
9400 245904
9410 246375
9420 246647
9430 252414
9440 248704
9450 249195
9460 249703
9470 250255
9480 250721
9490 251385
9500 251680
9510 252357
9520 252726
9530 253314
9540 253360
9550 253948
9560 254780
9570 255228
9580 255637
9590 256340
9600 256975
9610 257100
9620 258036
9630 258596
9640 259317
9650 259651
9660 260488
9670 261315
9680 261664
9690 262292
9700 262969
9710 263388
9720 264036
9730 264602
9740 265025
9750 265450
9760 266051
9770 266426
9780 266783
9790 267254
9800 268057
9810 268745
9820 269019
9830 269777
9840 270068
9850 270742
9860 271028
9870 271515
9880 272154
9890 277350
9900 272861
9910 273224
9920 273720
9930 274009
9940 274570
9950 274978
9960 275468
9970 275664
9980 276487
9990 276434
10000 277189
