1000000 2283
1010000 2178
1020000 2198
1030000 2220
1040000 2239
1050000 2261
1060000 2282
1070000 2303
1080000 2324
1090000 2347
1100000 2368
1110000 2390
1120000 2411
1130000 2432
1140000 2454
1150000 2476
1160000 2498
1170000 2519
1180000 2540
1190000 2562
1200000 2584
1210000 2608
1220000 2627
1230000 2647
1240000 2670
1250000 2690
1260000 2712
1270000 2735
1280000 2756
1290000 2777
1300000 2799
1310000 2820
1320000 2840
1330000 2864
1340000 2885
1350000 2906
1360000 2927
1370000 2950
1380000 2972
1390000 2993
1400000 3013
1410000 3037
1420000 3058
1430000 3080
1440000 3100
1450000 3122
1460000 3144
1470000 3165
1480000 3187
1490000 3209
1500000 3230
1510000 3252
1520000 3271
1530000 3293
1540000 3316
1550000 3338
1560000 3358
1570000 3381
1580000 3403
1590000 3424
1600000 3446
1610000 3466
1620000 3489
1630000 3511
1640000 3532
1650000 3554
1660000 3575
1670000 3595
1680000 3618
1690000 3639
1700000 3659
1710000 3681
1720000 3703
1730000 3726
1740000 3745
1750000 3768
1760000 3791
1770000 3812
1780000 3832
1790000 3855
1800000 3876
1810000 3899
1820000 3920
1830000 3941
1840000 3963
1850000 3985
1860000 4007
1870000 4029
1880000 4050
1890000 4071
1900000 4093
1910000 4114
1920000 4136
1930000 4158
1940000 4180
1950000 4201
1960000 4223
1970000 4243
1980000 4266
1990000 4287
2000000 4310
2010000 4332
2020000 4354
2030000 4378
2040000 4401
2050000 4420
2060000 4442
2070000 4462
2080000 4484
2090000 4513
2100000 4533
2110000 4553
2120000 4579
2130000 4597
2140000 4621
2150000 4639
2160000 4664
2170000 4687
2180000 4707
2190000 4732
2200000 4752
2210000 4774
2220000 4797
2230000 4694
2240000 4714
2250000 4866
2260000 4885
2270000 4908
2280000 4931
2290000 4950
2300000 4974
2310000 4996
2320000 5017
2330000 5040
2340000 5063
2350000 5082
2360000 5104
2370000 5130
2380000 5016
2390000 5033
2400000 5056
2410000 5075
2420000 5096
2430000 5119
2440000 5138
2450000 5162
2460000 5183
2470000 5203
2480000 5224
2490000 5247
2500000 5285
2510000 5432
2520000 5454
2530000 5428
2540000 5449
2550000 5472
2560000 5500
2570000 5532
2580000 5536
2590000 5551
2600000 5591
2610000 5606
2620000 5522
2630000 5545
2640000 5565
2650000 5585
2660000 5605
2670000 5628
2680000 5651
2690000 5833
2700000 5855
2710000 5877
2720000 5899
2730000 5923
2740000 5942
2750000 5964
2760000 5986
2770000 6010
2780000 6026
2790000 6002
2800000 6026
2810000 6050
2820000 6080
2830000 6110
2840000 6100
2850000 6146
2860000 6151
2870000 6200
2880000 6218
2890000 6241
2900000 6288
2910000 6300
2920000 6295
2930000 6352
2940000 6353
2950000 6361
2960000 6393
2970000 6440
2980000 6442
2990000 6487
3000000 6489
3010000 6530
3020000 6534
3030000 6400
3040000 6420
3050000 6444
3060000 6464
3070000 6485
3080000 6503
3090000 6524
3100000 6543
3110000 6569
3120000 6591
3130000 6611
3140000 6631
3150000 6651
3160000 6674
3170000 6696
3180000 6718
3190000 6738
3200000 6760
3210000 6779
3220000 6803
3230000 6823
3240000 6843
3250000 6860
3260000 6881
3270000 6909
3280000 6928
3290000 6950
3300000 6973
3310000 6990
3320000 7013
3330000 7034
3340000 7056
3350000 7076
3360000 7100
3370000 7119
3380000 7142
3390000 7162
3400000 7182
3410000 7203
3420000 7226
3430000 7246
3440000 7270
3450000 7289
3460000 7315
3470000 7330
3480000 7353
3490000 7376
3500000 7395
3510000 7416
3520000 7439
3530000 7462
3540000 7479
3550000 7500
3560000 7521
3570000 7545
3580000 7571
3590000 7589
3600000 7611
3610000 7634
3620000 7649
3630000 7672
3640000 7697
3650000 7715
3660000 7740
3670000 7760
3680000 7778
3690000 7803
3700000 7825
3710000 7841
3720000 7865
3730000 7886
3740000 7906
3750000 7927
3760000 7951
3770000 7968
3780000 7989
3790000 8013
3800000 8032
3810000 8054
3820000 8076
3830000 8096
3840000 8119
3850000 8138
3860000 8161
3870000 8177
3880000 8203
3890000 8226
3900000 8246
3910000 8268
3920000 8289
3930000 8309
3940000 8329
3950000 8352
3960000 8373
3970000 8394
3980000 8413
3990000 8436
4000000 8457
4010000 8476
4020000 8503
4030000 8520
4040000 8543
4050000 8566
4060000 8586
4070000 8604
4080000 8628
4090000 8648
4100000 8670
4110000 8690
4120000 8709
4130000 8733
4140000 8750
4150000 8778
4160000 8798
4170000 8817
4180000 8843
4190000 8863
4200000 8882
4210000 8901
4220000 8921
4230000 8945
4240000 8965
4250000 8987
4260000 9008
4270000 9028
4280000 9051
4290000 9077
4300000 9101
4310000 9116
4320000 9142
4330000 9161
4340000 9180
4350000 9201
4360000 9223
4370000 9248
4380000 9271
4390000 9287
4400000 9311
4410000 9327
4420000 9350
4430000 9376
4440000 9394
4450000 9418
4460000 9437
4470000 9457
4480000 9477
4490000 9501
4500000 9519
4510000 9546
4520000 9566
4530000 9588
4540000 9607
4550000 9625
4560000 9647
4570000 9670
4580000 9693
4590000 9711
4600000 9730
4610000 9753
4620000 9777
4630000 9800
4640000 9823
4650000 9840
4660000 9861
4670000 9882
4680000 9900
4690000 9924
4700000 9942
4710000 9965
4720000 9984
4730000 10003
4740000 10029
4750000 10052
4760000 10073
4770000 10096
4780000 10111
4790000 10134
4800000 10154
4810000 10179
4820000 10201
4830000 10225
4840000 10245
4850000 10262
4860000 10282
4870000 10299
4880000 10320
4890000 10351
4900000 10369
4910000 10388
4920000 10409
4930000 10432
4940000 10454
4950000 10471
4960000 10489
4970000 10518
4980000 10536
4990000 10562
5000000 10578
5010000 10598
5020000 10623
5030000 10646
5040000 10665
5050000 10687
5060000 10708
5070000 10728
5080000 10752
5090000 10773
5100000 10792
5110000 10815
5120000 10834
5130000 10855
5140000 10876
5150000 10900
5160000 10919
5170000 10942
5180000 10961
5190000 10985
5200000 11007
5210000 11030
5220000 11047
5230000 11073
5240000 11093
5250000 11108
5260000 11130
5270000 11154
5280000 11173
5290000 11196
5300000 11219
5310000 11241
5320000 11260
5330000 11284
5340000 11301
5350000 11324
5360000 11347
5370000 11364
5380000 11389
5390000 11410
5400000 11433
5410000 11450
5420000 11471
5430000 11494
5440000 11516
5450000 11537
5460000 11555
5470000 11575
5480000 11601
5490000 11620
5500000 11642
5510000 11664
5520000 11684
5530000 11705
5540000 11736
5550000 11752
5560000 11775
5570000 11790
5580000 11825
5590000 11837
5600000 11854
5610000 11880
5620000 11902
5630000 11922
5640000 11942
5650000 11966
5660000 11985
5670000 12005
5680000 12024
5690000 12044
5700000 12070
5710000 12091
5720000 12112
5730000 12130
5740000 12160
5750000 12178
5760000 12198
5770000 12218
5780000 12239
5790000 12259
5800000 12284
5810000 12304
5820000 12322
5830000 12346
5840000 12365
5850000 12381
5860000 12412
5870000 12430
5880000 12452
5890000 12475
5900000 12495
5910000 12517
5920000 12533
5930000 12558
5940000 12571
5950000 12605
5960000 12627
5970000 12643
5980000 12657
5990000 12687
6000000 12700
6010000 12724
6020000 12753
6030000 12767
6040000 12793
6050000 12812
6060000 12827
6070000 12843
6080000 12880
6090000 12894
6100000 12917
6110000 12936
6120000 12965
6130000 12981
6140000 12996
6150000 13025
6160000 13047
6170000 13072
6180000 13093
6190000 13103
6200000 13127
6210000 13156
6220000 13173
6230000 13192
6240000 13214
6250000 13242
6260000 13256
6270000 13284
6280000 13316
6290000 13315
6300000 13342
6310000 13362
6320000 13381
6330000 13402
6340000 13430
6350000 13446
6360000 13470
6370000 13497
6380000 13512
6390000 13535
6400000 13553
6410000 13571
6420000 13595
6430000 13616
6440000 13640
6450000 13665
6460000 13681
6470000 13705
6480000 13721
6490000 13748
6500000 13767
6510000 13794
6520000 13811
6530000 13826
6540000 13850
6550000 13879
6560000 13917
6570000 13924
6580000 13942
6590000 13968
6600000 13995
6610000 14009
6620000 14020
6630000 14046
6640000 14069
6650000 14476
6660000 14492
6670000 14516
6680000 14537
6690000 14562
6700000 14580
6710000 14615
6720000 14623
6730000 14644
6740000 14667
6750000 14686
6760000 14708
6770000 14731
6780000 14754
6790000 14769
6800000 14803
6810000 14815
6820000 14836
6830000 14856
6840000 14893
6850000 14911
6860000 14929
6870000 14948
6880000 14964
6890000 15000
6900000 15020
6910000 15044
6920000 15056
6930000 15076
6940000 15098
6950000 15118
6960000 15141
6970000 15183
6980000 14791
6990000 14814
7000000 14832
7010000 14854
7020000 14871
7030000 14907
7040000 14915
7050000 14940
7060000 14954
7070000 14979
7080000 14995
7090000 15021
7100000 15040
7110000 15058
7120000 15088
7130000 15101
7140000 15129
7150000 15156
7160000 15171
7170000 15205
7180000 15214
7190000 15236
7200000 15252
7210000 15278
7220000 15313
7230000 15314
7240000 15341
7250000 15361
7260000 15398
7270000 15402
7280000 15421
7290000 15445
7300000 15491
7310000 15488
7320000 15504
7330000 15547
7340000 15545
7350000 15564
7360000 15609
7370000 15608
7380000 15643
7390000 15657
7400000 15678
7410000 15712
7420000 15721
7430000 15753
7440000 15757
7450000 15797
7460000 15803
7470000 15842
7480000 15840
7490000 15888
7500000 15884
7510000 15924
7520000 15944
7530000 15951
7540000 15988
7550000 15997
7560000 16033
7570000 16055
7580000 16057
7590000 16095
7600000 16118
7610000 16118
7620000 16160
7630000 16196
7640000 16215
7650000 16226
7660000 16253
7670000 16268
7680000 16293
7690000 16297
7700000 16330
7710000 16348
7720000 16371
7730000 16395
7740000 16417
7750000 16420
7760000 16459
7770000 16472
7780000 16502
7790000 16515
7800000 16544
7810000 16557
7820000 16586
7830000 16608
7840000 16621
7850000 16648
7860000 16660
7870000 16694
7880000 16707
7890000 16724
7900000 16757
7910000 16771
7920000 16799
7930000 16816
7940000 16837
7950000 16852
7960000 16886
7970000 16906
7980000 16923
7990000 16937
8000000 16958
