100000 796
100500 684
101000 671
101500 503
102000 506
102500 522
103000 510
103500 518
104000 515
104500 517
105000 522
105500 523
106000 498
106500 430
107000 425
107500 426
108000 428
108500 430
109000 432
109500 434
110000 436
110500 438
111000 446
111500 442
112000 428
112500 371
113000 375
113500 374
114000 377
114500 379
115000 380
115500 381
116000 388
116500 385
117000 387
117500 428
118000 538
118500 395
119000 378
119500 399
120000 398
120500 393
121000 392
121500 385
122000 393
122500 375
123000 375
123500 376
124000 382
124500 387
125000 371
125500 368
126000 369
126500 376
127000 371
127500 378
128000 375
128500 377
129000 378
129500 379
130000 381
130500 382
131000 384
131500 391
132000 387
132500 428
133000 381
133500 378
134000 379
134500 381
135000 382
135500 383
136000 385
136500 386
137000 390
137500 389
138000 389
138500 391
139000 475
139500 552
140000 406
140500 402
141000 406
141500 441
142000 407
142500 404
143000 406
143500 408
144000 408
144500 409
145000 411
145500 413
146000 414
146500 424
147000 416
147500 417
148000 419
148500 420
149000 421
149500 424
150000 424
150500 425
151000 430
151500 428
152000 436
152500 432
153000 433
153500 435
154000 435
154500 436
155000 472
155500 443
156000 442
156500 451
157000 430
157500 431
158000 432
158500 631
159000 575
159500 489
160000 464
160500 454
161000 455
161500 458
162000 461
162500 457
163000 461
163500 462
164000 469
164500 470
165000 466
165500 468
166000 468
166500 470
167000 473
167500 480
168000 477
168500 483
169000 478
169500 479
170000 489
170500 471
171000 499
171500 474
172000 470
172500 475
173000 478
173500 474
174000 476
174500 476
175000 477
175500 502
176000 634
176500 556
177000 514
177500 534
178000 509
178500 509
179000 512
179500 509
180000 510
180500 517
181000 515
181500 496
182000 498
182500 498
183000 499
183500 500
184000 501
184500 507
185000 505
185500 506
186000 506
186500 508
187000 545
187500 512
188000 516
188500 514
189000 522
189500 517
190000 518
190500 519
191000 522
191500 531
192000 738
192500 565
193000 547
193500 561
194000 528
194500 531
195000 531
195500 544
196000 535
196500 537
197000 538
197500 539
198000 538
198500 541
199000 549
199500 546
200000 546
200500 547
201000 550
201500 551
202000 553
202500 585
203000 558
203500 555
204000 557
204500 566
205000 560
205500 562
206000 563
206500 602
207000 827
207500 587
208000 605
208500 571
209000 570
209500 578
210000 574
210500 575
211000 575
211500 578
212000 579
212500 581
213000 588
213500 580
214000 592
214500 586
215000 588
215500 588
216000 624
216500 597
217000 592
217500 593
218000 594
218500 596
219000 598
219500 607
220000 607
220500 717
221000 826
221500 633
222000 640
222500 618
223000 611
223500 611
224000 611
224500 613
225000 615
225500 617
226000 622
226500 619
227000 619
227500 621
228000 623
228500 623
229000 627
229500 659
230000 627
230500 630
231000 629
231500 633
232000 633
232500 638
233000 644
233500 703
234000 1075
234500 677
235000 720
235500 675
236000 670
236500 673
237000 672
237500 675
238000 684
238500 675
239000 689
239500 654
240000 657
240500 664
241000 659
241500 656
242000 660
242500 670
243000 664
243500 665
244000 672
244500 703
245000 678
245500 708
246000 874
246500 743
247000 732
247500 699
248000 702
248500 702
249000 726
249500 690
250000 683
250500 684
251000 687
251500 689
252000 690
252500 695
253000 692
253500 694
254000 695
254500 728
255000 708
255500 699
256000 709
256500 702
257000 705
257500 887
258000 826
258500 747
259000 707
259500 707
260000 707
260500 722
261000 714
261500 713
262000 715
262500 717
263000 718
263500 724
264000 720
264500 731
265000 726
265500 725
266000 731
266500 727
267000 732
267500 763
268000 732
268500 779
269000 997
269500 752
270000 770
270500 738
271000 738
271500 752
272000 743
272500 744
273000 745
273500 744
274000 754
274500 752
275000 753
275500 753
276000 757
276500 785
277000 754
277500 757
278000 758
278500 760
279000 761
279500 832
280000 938
280500 814
281000 768
281500 775
282000 767
282500 772
283000 782
283500 771
284000 778
284500 784
285000 778
285500 779
286000 791
286500 817
287000 793
287500 791
288000 794
288500 784
289000 788
289500 800
290000 964
290500 888
291000 906
291500 834
292000 823
292500 829
293000 830
293500 830
294000 840
294500 825
295000 804
295500 817
296000 807
296500 815
297000 811
297500 847
298000 823
298500 815
299000 823
299500 843
300000 1379
300500 996
301000 872
301500 856
302000 860
302500 856
303000 865
303500 858
304000 860
304500 861
305000 863
305500 869
306000 867
306500 869
307000 871
307500 866
308000 920
308500 853
309000 1039
309500 1307
310000 884
310500 883
311000 884
311500 881
312000 890
312500 884
313000 885
313500 886
314000 892
314500 901
315000 902
315500 925
316000 922
316500 871
317000 867
317500 867
318000 999
318500 1484
319000 951
319500 911
320000 908
320500 915
321000 907
321500 908
322000 909
322500 915
323000 914
323500 914
324000 916
324500 962
325000 893
325500 882
326000 890
326500 910
327000 1366
327500 943
328000 963
328500 928
329000 942
329500 933
330000 933
330500 931
331000 944
331500 937
332000 938
332500 921
333000 912
333500 917
334000 912
334500 948
335000 927
335500 1098
336000 1215
336500 996
337000 961
337500 974
338000 960
338500 958
339000 959
339500 967
340000 962
340500 962
341000 977
341500 938
342000 935
342500 935
343000 936
343500 989
344000 1086
344500 1158
345000 1020
345500 994
346000 982
346500 979
347000 983
347500 989
348000 1000
348500 962
349000 953
349500 958
350000 967
350500 992
351000 971
351500 965
352000 975
352500 1316
353000 1062
353500 1050
354000 1007
354500 1005
355000 1004
355500 1010
356000 1015
356500 984
357000 975
357500 980
358000 977
358500 980
359000 1014
359500 987
360000 996
360500 1383
361000 1151
361500 1028
362000 1031
362500 1027
363000 1035
363500 1030
364000 1018
364500 1002
365000 1008
365500 1010
366000 1001
366500 1035
367000 1010
367500 1003
368000 1008
368500 1504
369000 1122
369500 1048
370000 1055
370500 1054
371000 1050
371500 1051
372000 1037
372500 1017
373000 1019
373500 1018
374000 1022
374500 1026
375000 1057
375500 1027
376000 1108
376500 1495
377000 1114
377500 1073
378000 1079
378500 1083
379000 1073
379500 1084
380000 1046
380500 1042
381000 1043
381500 1080
382000 1044
382500 1044
383000 1044
383500 1057
384000 1424
384500 1150
385000 1097
385500 1110
386000 1094
386500 1097
387000 1092
387500 1058
388000 1060
388500 1061
389000 1065
389500 1063
390000 1099
390500 1080
391000 1079
391500 1531
392000 1175
392500 1128
393000 1114
393500 1113
394000 1124
394500 1079
395000 1082
395500 1083
396000 1087
396500 1095
397000 1091
397500 1118
398000 1089
398500 1182
399000 1393
399500 1177
400000 1142
400500 1094
401000 1096
401500 1105
402000 1097
402500 1100
403000 1105
403500 1116
404000 1137
404500 1118
405000 1107
405500 1106
406000 1443
406500 1201
407000 1176
407500 1167
408000 1112
408500 1124
409000 1132
409500 1132
410000 1127
410500 1122
411000 1158
411500 1125
412000 1127
412500 1126
413000 1275
413500 1359
414000 1169
414500 1145
415000 1141
415500 1137
416000 1137
416500 1152
417000 1144
417500 1141
418000 1142
418500 1146
419000 1177
419500 1159
420000 1217
420500 1582
421000 1245
421500 1201
422000 1207
422500 1153
423000 1155
423500 1156
424000 1158
424500 1173
425000 1198
425500 1162
426000 1162
426500 1165
427000 1419
427500 1364
428000 1170
428500 1178
429000 1178
429500 1177
430000 1182
430500 1176
431000 1175
431500 1174
432000 1188
432500 1181
433000 1177
433500 1223
434000 1384
434500 1270
435000 1214
435500 1253
436000 1239
436500 1242
437000 1192
437500 1195
438000 1195
438500 1203
439000 1197
439500 1239
440000 1205
440500 1250
441000 1440
441500 1324
442000 1262
442500 1253
443000 1215
443500 1228
444000 1229
444500 1216
445000 1218
445500 1217
446000 1252
446500 1222
447000 1240
447500 1500
448000 1295
448500 1239
449000 1229
449500 1243
450000 1235
450500 1232
451000 1235
451500 1233
452000 1233
452500 1271
453000 1237
453500 1238
454000 1646
454500 1306
455000 1252
455500 1256
456000 1245
456500 1247
457000 1248
457500 1251
458000 1251
458500 1252
459000 1296
459500 1256
460000 1271
460500 1529
461000 1326
461500 1268
462000 1273
462500 1260
463000 1265
463500 1275
464000 1286
464500 1270
465000 1275
465500 1272
466000 1272
466500 1362
467000 1571
467500 1375
468000 1346
468500 1348
469000 1341
469500 1314
470000 1284
470500 1286
471000 1290
471500 1290
472000 1323
472500 1305
473000 1497
473500 1330
474000 1307
474500 1299
475000 1297
475500 1301
476000 1300
476500 1296
477000 1311
477500 1339
478000 1306
478500 1311
479000 1380
479500 1494
480000 1353
480500 1311
481000 1317
481500 1322
482000 1317
482500 1318
483000 1327
483500 1352
484000 1321
484500 1324
485000 1323
485500 1730
486000 1396
486500 1343
487000 1349
487500 1352
488000 1334
488500 1333
489000 1338
489500 1336
490000 1372
490500 1346
491000 1343
491500 1589
492000 1443
492500 1369
493000 1353
493500 1347
494000 1348
494500 1353
495000 1354
495500 1357
496000 1363
496500 1394
497000 1360
497500 1689
498000 1414
498500 1387
499000 1377
499500 1366
500000 1365
500500 1370
501000 1368
501500 1406
502000 1379
502500 1371
503000 1375
503500 1723
504000 1438
504500 1406
505000 1383
505500 1380
506000 1386
506500 1385
507000 1390
507500 1391
508000 1420
508500 1404
509000 1473
509500 1745
510000 1446
510500 1402
511000 1395
511500 1402
512000 1400
512500 1399
513000 1407
513500 1401
514000 1439
514500 1415
515000 1833
515500 1523
516000 1471
516500 1458
517000 1417
517500 1429
518000 1415
518500 1422
519000 1417
519500 1460
520000 1425
520500 1576
521000 1637
521500 1427
522000 1434
522500 1433
523000 1426
523500 1432
524000 1437
524500 1431
525000 1434
525500 1471
526000 1438
526500 1882
527000 1481
527500 1442
528000 1447
528500 1443
529000 1462
529500 1450
530000 1494
530500 1450
531000 1467
531500 1451
532000 1751
532500 1469
533000 1457
533500 1464
534000 1457
534500 1469
535000 1461
535500 1464
536000 1467
536500 1464
537000 1465
537500 1485
538000 1475
538500 1493
539000 1473
539500 1472
540000 1480
540500 1451
541000 1445
541500 1431
542000 1431
542500 1420
543000 1396
543500 1435
544000 1417
544500 1400
545000 1393
545500 1406
546000 1395
546500 1397
547000 1400
547500 1398
548000 1314
548500 1319
549000 1319
549500 1327
550000 1341
550500 1323
551000 1326
551500 1329
552000 1328
552500 1329
553000 1332
553500 1328
554000 1328
554500 1335
555000 1334
555500 1350
556000 1342
556500 1336
557000 1338
557500 1341
558000 1373
558500 1309
559000 1276
559500 1266
560000 1282
560500 1269
561000 1270
561500 1269
562000 1279
562500 1281
563000 1274
563500 1275
564000 1280
564500 1277
565000 1278
565500 1283
566000 1283
566500 1283
567000 1280
567500 1284
568000 1284
568500 1301
569000 1291
569500 1288
570000 1296
570500 1293
571000 1293
571500 1306
572000 1293
572500 1295
573000 1301
573500 1298
574000 1297
574500 1306
575000 1308
575500 1308
576000 1307
576500 1305
577000 1306
577500 1310
578000 1308
578500 1308
579000 1310
579500 1310
580000 1314
580500 1312
581000 1322
581500 1323
582000 1332
582500 1323
583000 1318
583500 1306
584000 1321
584500 1323
585000 1310
585500 1321
586000 1325
586500 1343
587000 1327
587500 1345
588000 1351
588500 1334
589000 1331
589500 1350
590000 1339
590500 1336
591000 1321
591500 1334
592000 1356
592500 1325
593000 1340
593500 1355
594000 1366
594500 1346
595000 1347
595500 1332
596000 1341
596500 1348
597000 1336
597500 1361
598000 1354
598500 1336
599000 1356
599500 1378
600000 1374
600500 1363
601000 1375
601500 1361
602000 1353
602500 1345
603000 1372
603500 1365
604000 1348
604500 1382
605000 1385
605500 1365
606000 1377
606500 1359
607000 1335
607500 1378
608000 1358
608500 1372
609000 1388
609500 1368
610000 1323
610500 1316
611000 1307
611500 1310
612000 1398
612500 1313
613000 1312
613500 1317
614000 1315
614500 1317
615000 1315
615500 1317
616000 1318
616500 1322
617000 1321
617500 1323
618000 1361
618500 1466
619000 1329
619500 1337
620000 1342
620500 1328
621000 1325
621500 1329
622000 1347
622500 1336
623000 1334
623500 1334
624000 1338
624500 1426
625000 1343
625500 1344
626000 1356
626500 1340
627000 1345
627500 1342
628000 1344
628500 1349
629000 1345
629500 1363
630000 1339
630500 1441
631000 1363
631500 1448
632000 1440
632500 1415
633000 1444
633500 1471
634000 1489
634500 1484
635000 1434
635500 1458
636000 1416
636500 1640
637000 1517
637500 1571
638000 1640
638500 1624
639000 1633
639500 1639
640000 1582
640500 1600
641000 1630
641500 1827
642000 1723
642500 1773
643000 1850
643500 1759
644000 1770
644500 1767
645000 1705
645500 1735
646000 1711
646500 2066
647000 1768
647500 1789
648000 1768
648500 1771
649000 1773
649500 1788
650000 1721
650500 1758
651000 1996
651500 1821
652000 1789
652500 1784
653000 1790
653500 1784
654000 1792
654500 1795
655000 1734
655500 2180
656000 1853
656500 1798
657000 1799
657500 1798
658000 1802
658500 1807
659000 1800
659500 1843
660000 1998
660500 1859
661000 1821
661500 1819
662000 1805
662500 1814
663000 1810
663500 1850
664000 1817
664500 2250
665000 1940
665500 1903
666000 1837
666500 1820
667000 1826
667500 1822
668000 1862
668500 1828
669000 2312
669500 1920
670000 1913
670500 1837
671000 1840
671500 1838
672000 1839
672500 1875
673000 1903
673500 2297
674000 1929
674500 1919
675000 1926
675500 1905
676000 1848
676500 1870
677000 1860
677500 1951
678000 1874
678500 1876
679000 1859
679500 1861
680000 1857
680500 1872
681000 1900
681500 1863
682000 2446
682500 1946
683000 1913
683500 1888
684000 1871
684500 1875
685000 1874
685500 1876
686000 2141
686500 2298
687000 1963
687500 1970
688000 1960
688500 1883
689000 1881
689500 1884
690000 1935
690500 2445
691000 1971
691500 1991
692000 1893
692500 1893
693000 1913
693500 1896
694000 1928
694500 2295
695000 2024
695500 1987
696000 1967
696500 1934
697000 1903
697500 1911
698000 1948
698500 2067
699000 2241
699500 2014
700000 2032
700500 1924
701000 1903
701500 1920
702000 1951
702500 1931
703000 2387
703500 2080
704000 2030
704500 2017
705000 1924
705500 1947
706000 1973
706500 1936
707000 2314
707500 2065
708000 2015
708500 1996
709000 1938
709500 1942
710000 1947
710500 1980
711000 2338
711500 2117
712000 2031
712500 2035
713000 1976
713500 1961
714000 1951
714500 1988
715000 2123
715500 2249
716000 2039
716500 2058
717000 1959
717500 1964
718000 1962
718500 1998
719000 2037
719500 2447
720000 2065
720500 2053
721000 2013
721500 1969
722000 1977
722500 2026
723000 2030
723500 2478
724000 2074
724500 2068
725000 2033
725500 1982
726000 1987
726500 2016
727000 2035
727500 2496
728000 2087
728500 2076
729000 2021
729500 2022
730000 2004
730500 2033
731000 2099
731500 2441
732000 2088
732500 2093
733000 2065
733500 2031
734000 2004
734500 2047
735000 2204
735500 2372
736000 2098
736500 2096
737000 2015
737500 2016
738000 2015
738500 2055
739000 2232
739500 2245
740000 2129
740500 2044
741000 2033
741500 2025
742000 2054
742500 2059
743000 2333
743500 2174
744000 2135
744500 2093
745000 2051
745500 2037
746000 2041
746500 2071
747000 2273
747500 2120
748000 2069
748500 2059
749000 2052
749500 2046
750000 2048
750500 2074
751000 2373
751500 2130
752000 2082
752500 2155
753000 2150
753500 2073
754000 2059
754500 2064
755000 2115
755500 2092
756000 2085
756500 2073
757000 2066
757500 2072
758000 2106
758500 2101
759000 2464
759500 2098
760000 2106
760500 2087
761000 2089
761500 2080
762000 2116
762500 2115
763000 2361
763500 2109
764000 2111
764500 2101
765000 2099
765500 2090
766000 2098
766500 2151
767000 2127
767500 2123
768000 2105
768500 2125
769000 2103
769500 2136
770000 2102
770500 2327
771000 2184
771500 2133
772000 2119
772500 2116
773000 2112
773500 2115
774000 2169
774500 2342
775000 2176
775500 2135
776000 2131
776500 2126
777000 2128
777500 2159
778000 2140
778500 2450
779000 2160
779500 2150
780000 2138
780500 2158
781000 2133
781500 2171
782000 2576
782500 2287
783000 2240
783500 2158
784000 2146
784500 2181
785000 2150
785500 2200
786000 2611
786500 2242
787000 2258
787500 2156
788000 2156
788500 2180
789000 2195
789500 2549
790000 2254
790500 2258
791000 2189
791500 2165
792000 2167
792500 2208
793000 2427
793500 2334
794000 2270
794500 2182
795000 2178
795500 2173
796000 2214
796500 2195
797000 2662
797500 2312
798000 2257
798500 2192
799000 2181
799500 2188
800000 2223
800500 2493
801000 2322
801500 2268
802000 2206
802500 2192
803000 2198
803500 2231
804000 2745
804500 2297
805000 2285
805500 2301
806000 2284
806500 2203
807000 2242
807500 2469
808000 2583
808500 2311
809000 2305
809500 2296
810000 2309
810500 2251
811000 2300
811500 2658
812000 2333
812500 2316
813000 2308
813500 2297
814000 2267
814500 2269
815000 2654
815500 2351
816000 2332
816500 2331
817000 2322
817500 2240
818000 2240
818500 2557
819000 2389
819500 2347
820000 2255
820500 2271
821000 2243
821500 2281
822000 2803
822500 2360
823000 2353
823500 2288
824000 2259
824500 2248
825000 2294
825500 2662
826000 2402
826500 2363
827000 2360
827500 2307
828000 2263
828500 2267
829000 2329
829500 2316
830000 2342
830500 2291
831000 2276
831500 2296
832000 2311
832500 2555
833000 2407
833500 2339
834000 2296
834500 2289
835000 2339
835500 2299
836000 2949
836500 2435
837000 2385
837500 2390
838000 2373
838500 2360
839000 2326
839500 2804
840000 2434
840500 2392
841000 2394
841500 2392
842000 2377
842500 2309
843000 2394
843500 2359
844000 2327
844500 2309
845000 2313
845500 2341
846000 2324
846500 2596
847000 2351
847500 2337
848000 2343
848500 2337
849000 2327
849500 2324
850000 2376
850500 2348
851000 2351
851500 2331
852000 2331
852500 2384
853000 2328
853500 2754
854000 2352
854500 2363
855000 2348
855500 2347
856000 2355
856500 2346
857000 2401
857500 2370
858000 2359
858500 2352
859000 2344
859500 2384
860000 2349
860500 2693
861000 2413
861500 2369
862000 2366
862500 2360
863000 2383
863500 2396
864000 2607
864500 2397
865000 2386
865500 2368
866000 2373
866500 2406
867000 2397
867500 2661
868000 2398
868500 2394
869000 2405
869500 2383
870000 2410
870500 2473
871000 2599
871500 2398
872000 2406
872500 2391
873000 2417
873500 2388
874000 2569
874500 2472
875000 2419
875500 2405
876000 2396
876500 2397
877000 2430
877500 2593
878000 2466
878500 2426
879000 2418
879500 2403
880000 2405
880500 2437
881000 2651
881500 2477
882000 2427
882500 2421
883000 2413
883500 2453
884000 2451
884500 2836
885000 2444
885500 2439
886000 2411
886500 2436
887000 2444
887500 2482
888000 2460
888500 2442
889000 2450
889500 2435
890000 2462
890500 2449
891000 2818
891500 2455
892000 2457
892500 2454
893000 2441
893500 2477
894000 2452
894500 3010
895000 2556
895500 2487
896000 2444
896500 2475
897000 2498
897500 2868
898000 2617
898500 2598
899000 2561
899500 2497
900000 2506
900500 2554
901000 2939
901500 2574
902000 2570
902500 2520
903000 2486
903500 2506
904000 2930
904500 2618
905000 2589
905500 2544
906000 2490
906500 2477
907000 2550
907500 2518
908000 2498
908500 2504
909000 2516
909500 2533
910000 2533
910500 2922
911000 2594
911500 2541
912000 2501
912500 2527
913000 2532
913500 2665
914000 2573
914500 2534
915000 2501
915500 2506
916000 2508
916500 2510
917000 2576
917500 2529
918000 2517
918500 2531
919000 2514
919500 2517
920000 2485
920500 2541
921000 2490
921500 2447
922000 2437
922500 2442
923000 2436
923500 2406
924000 2456
924500 2404
925000 2384
925500 2331
926000 2301
926500 2324
927000 2296
927500 2315
928000 2306
928500 2321
929000 2334
929500 2320
930000 2239
930500 2237
931000 2265
931500 2276
932000 2244
932500 2244
933000 2254
933500 2256
934000 2243
934500 2267
935000 2264
935500 2258
936000 2256
936500 2254
937000 2277
937500 2239
938000 2261
938500 2259
939000 2271
939500 2222
940000 2260
940500 2257
941000 2261
941500 2268
942000 2269
942500 2208
943000 2201
943500 2200
944000 2200
944500 2206
945000 2193
945500 2198
946000 2219
946500 2217
947000 2228
947500 2143
948000 2141
948500 2144
949000 2150
949500 2165
950000 2163
950500 2155
951000 2169
951500 2110
952000 2159
952500 2154
953000 2194
953500 2281
954000 2102
954500 2155
955000 2175
955500 2168
956000 2170
956500 2179
957000 2275
957500 2208
958000 2177
958500 2171
959000 2177
959500 2171
960000 2178
960500 2095
961000 2195
961500 2202
962000 2199
962500 2188
963000 2212
963500 2192
964000 2182
964500 2338
965000 2216
965500 2212
966000 2194
966500 2191
967000 2190
967500 2184
968000 2172
968500 2207
969000 2164
969500 2154
970000 2155
970500 2138
971000 2136
971500 2122
972000 2082
972500 2257
973000 2226
973500 2163
974000 2157
974500 2274
975000 2285
975500 2304
976000 2330
976500 2398
977000 2398
977500 2441
978000 2432
978500 2537
979000 2611
979500 2614
980000 2685
980500 2703
981000 2547
981500 2586
982000 2653
982500 2759
983000 2725
983500 2706
984000 2711
984500 2683
985000 2638
985500 2724
986000 2897
986500 2723
987000 2716
987500 2701
988000 2738
988500 2753
989000 2913
989500 2727
990000 2720
990500 2557
991000 2692
991500 2856
992000 3091
992500 2734
993000 2735
993500 2720
994000 2748
994500 2883
995000 2977
995500 2740
996000 2738
996500 2729
997000 2758
997500 2896
998000 2905
998500 2749
999000 2737
999500 2747
1000000 2741
