100000 666
100500 620
101000 619
101500 606
102000 610
102500 612
103000 526
103500 465
104000 513
104500 643
105000 667
105500 509
106000 516
106500 480
107000 502
107500 450
108000 387
108500 389
109000 391
109500 429
110000 416
110500 395
111000 397
111500 407
112000 402
112500 403
113000 405
113500 412
114000 340
114500 342
115000 343
115500 344
116000 347
116500 348
117000 357
117500 351
118000 386
118500 353
119000 355
119500 357
120000 358
120500 360
121000 350
121500 323
122000 324
122500 325
123000 334
123500 328
124000 329
124500 330
125000 354
125500 443
126000 499
126500 443
127000 449
127500 460
128000 511
128500 471
129000 463
129500 368
130000 345
130500 360
131000 348
131500 349
132000 350
132500 358
133000 348
133500 341
134000 342
134500 344
135000 345
135500 347
136000 374
136500 366
137000 351
137500 352
138000 354
138500 359
139000 355
139500 357
140000 359
140500 360
141000 394
141500 362
142000 363
142500 365
143000 366
143500 368
144000 372
144500 370
145000 371
145500 372
146000 374
146500 376
147000 420
147500 545
148000 554
148500 515
149000 515
149500 529
150000 526
150500 513
151000 429
151500 389
152000 389
152500 389
153000 404
153500 392
154000 395
154500 395
155000 397
155500 398
156000 410
156500 402
157000 423
157500 419
158000 414
158500 405
159000 407
159500 409
160000 409
160500 411
161000 413
161500 414
162000 415
162500 416
163000 424
163500 455
164000 419
164500 421
165000 428
165500 409
166000 416
166500 532
167000 692
167500 557
168000 614
168500 596
169000 596
169500 515
170000 435
170500 437
171000 448
171500 438
172000 440
172500 458
173000 428
173500 428
174000 471
174500 432
175000 432
175500 438
176000 435
176500 437
177000 437
177500 438
178000 439
178500 475
179000 442
179500 443
180000 447
180500 446
181000 447
181500 449
182000 450
182500 451
183000 453
183500 453
184000 563
184500 753
185000 595
185500 649
186000 634
186500 630
187000 529
187500 476
188000 465
188500 466
189000 467
189500 468
190000 470
190500 470
191000 472
191500 479
192000 476
192500 476
193000 477
193500 477
194000 479
194500 480
195000 482
195500 516
196000 488
196500 485
197000 486
197500 516
198000 490
198500 491
199000 492
199500 493
200000 525
200500 754
201000 726
201500 673
202000 685
202500 685
203000 555
203500 503
204000 504
204500 505
205000 507
205500 508
206000 509
206500 560
207000 511
207500 513
208000 514
208500 515
209000 517
209500 518
210000 519
210500 544
211000 522
211500 523
212000 524
212500 525
213000 526
213500 528
214000 528
214500 537
215000 551
215500 867
216000 668
216500 582
217000 536
217500 548
218000 538
218500 540
219000 541
219500 542
220000 543
220500 545
221000 546
221500 553
222000 548
222500 550
223000 551
223500 552
224000 553
224500 555
225000 559
225500 591
226000 559
226500 560
227000 561
227500 563
228000 564
228500 569
229000 577
229500 551
230000 708
230500 677
231000 573
231500 581
232000 574
232500 575
233000 576
233500 577
234000 578
234500 579
235000 586
235500 582
236000 592
236500 584
237000 586
237500 587
238000 589
238500 594
239000 571
239500 572
240000 574
240500 575
241000 576
241500 577
242000 580
242500 579
243000 581
243500 582
244000 621
244500 584
245000 585
245500 590
246000 588
246500 588
247000 590
247500 591
248000 593
248500 608
249000 578
249500 577
250000 578
250500 579
251000 580
251500 581
252000 583
252500 587
253000 585
253500 586
254000 589
254500 570
255000 571
255500 575
256000 573
256500 577
257000 559
257500 559
258000 569
258500 573
259000 563
259500 568
260000 570
260500 549
261000 551
261500 551
262000 552
262500 553
263000 556
263500 556
264000 557
264500 557
265000 559
265500 559
266000 560
266500 564
267000 573
267500 548
268000 548
268500 550
269000 550
269500 552
270000 556
270500 555
271000 555
271500 556
272000 557
272500 558
273000 572
273500 570
274000 562
274500 562
275000 563
275500 564
276000 565
276500 566
277000 572
277500 569
278000 569
278500 570
279000 571
279500 572
280000 574
280500 576
281000 575
281500 576
282000 577
282500 579
283000 580
283500 580
284000 583
284500 583
285000 583
285500 584
286000 586
286500 588
287000 595
287500 807
288000 639
288500 600
289000 592
289500 620
290000 612
290500 623
291000 613
291500 614
292000 616
292500 633
293000 600
293500 612
294000 644
294500 587
295000 587
295500 622
296000 590
296500 590
297000 658
297500 593
298000 593
298500 594
299000 594
299500 596
300000 598
300500 649
301000 698
301500 658
302000 602
302500 602
303000 603
303500 678
304000 605
304500 606
305000 610
305500 608
306000 609
306500 610
307000 662
307500 612
308000 612
308500 613
309000 615
309500 617
310000 620
310500 618
311000 620
311500 696
312000 625
312500 625
313000 771
313500 692
314000 682
314500 770
315000 675
315500 647
316000 656
316500 648
317000 649
317500 651
318000 652
318500 653
319000 727
319500 673
320000 674
320500 677
321000 685
321500 658
322000 666
322500 643
323000 643
323500 644
324000 644
324500 647
325000 697
325500 648
326000 650
326500 746
327000 761
327500 652
328000 659
328500 654
329000 654
329500 656
330000 658
330500 658
331000 661
331500 660
332000 661
332500 662
333000 663
333500 664
334000 667
334500 689
335000 667
335500 667
336000 670
336500 670
337000 674
337500 672
338000 673
338500 674
339000 880
339500 681
340000 682
340500 678
341000 660
341500 661
342000 686
342500 663
343000 667
343500 665
344000 667
344500 668
345000 669
345500 672
346000 670
346500 672
347000 672
347500 673
348000 674
348500 677
349000 676
349500 698
350000 678
350500 679
351000 739
351500 857
352000 701
352500 702
353000 703
353500 704
354000 706
354500 755
355000 706
355500 715
356000 690
356500 718
357000 740
357500 692
358000 694
358500 695
359000 696
359500 696
360000 699
360500 707
361000 699
361500 700
362000 701
362500 702
363000 869
363500 729
364000 708
364500 777
365000 817
365500 739
366000 729
366500 730
367000 730
367500 731
368000 737
368500 733
369000 735
369500 736
370000 737
370500 766
371000 758
371500 740
372000 741
372500 742
373000 743
373500 748
374000 937
374500 761
375000 747
375500 747
376000 757
376500 758
377000 775
377500 752
378000 753
378500 757
379000 755
379500 755
380000 757
380500 758
381000 758
381500 763
382000 760
382500 762
383000 763
383500 764
384000 790
384500 767
385000 878
385500 772
386000 769
386500 774
387000 771
387500 771
388000 788
388500 752
389000 755
389500 754
390000 756
390500 779
391000 758
391500 762
392000 759
392500 759
393000 761
393500 763
394000 763
394500 766
395000 766
395500 893
396000 846
396500 768
397000 799
397500 770
398000 770
398500 772
399000 772
399500 777
400000 774
400500 775
401000 776
401500 779
402000 780
402500 780
403000 781
403500 803
404000 783
404500 787
405000 785
405500 786
406000 840
406500 981
407000 793
407500 789
408000 790
408500 791
409000 793
409500 819
410000 794
410500 796
411000 796
411500 798
412000 801
412500 799
413000 801
413500 801
414000 802
414500 807
415000 804
415500 805
416000 827
416500 1068
417000 813
417500 809
418000 810
418500 810
419000 816
419500 813
420000 814
420500 815
421000 816
421500 818
422000 842
422500 819
423000 820
423500 821
424000 825
424500 823
425000 824
425500 825
426000 825
426500 1053
427000 834
427500 835
428000 902
428500 871
429000 854
429500 854
430000 856
430500 856
431000 856
431500 870
432000 860
432500 861
433000 862
433500 865
434000 864
434500 859
435000 842
435500 845
436000 1039
436500 1058
437000 884
437500 932
438000 899
438500 922
439000 938
439500 919
440000 945
440500 901
441000 895
441500 878
442000 885
442500 881
443000 881
443500 882
444000 883
444500 889
445000 976
445500 1480
446000 1327
446500 1138
447000 976
447500 973
448000 981
448500 974
449000 975
449500 977
450000 1019
450500 978
451000 1012
451500 974
452000 950
452500 927
453000 967
453500 1446
454000 1097
454500 1056
455000 1090
455500 1093
456000 1091
456500 1090
457000 1082
457500 1060
458000 1059
458500 1047
459000 1062
459500 1031
460000 1247
460500 1427
461000 1735
461500 1406
462000 1366
462500 1450
463000 1560
463500 1570
464000 1359
464500 1268
465000 1159
465500 1150
466000 1151
466500 1173
467000 1379
467500 1190
468000 1207
468500 1171
469000 1159
469500 1160
470000 1172
470500 1168
471000 1169
471500 1177
472000 1177
472500 1168
473000 1169
473500 1216
474000 1348
474500 1186
475000 1199
475500 1177
476000 1181
476500 1188
477000 1187
477500 1180
478000 1182
478500 1197
479000 1185
479500 1185
480000 1195
480500 1204
481000 1369
481500 1206
482000 1213
482500 1192
483000 1200
483500 1215
484000 1200
484500 1197
485000 1207
485500 1226
486000 1202
486500 1203
487000 1215
487500 1366
488000 1277
488500 1237
489000 1214
489500 1239
490000 1225
490500 1213
491000 1213
491500 1221
492000 1217
492500 1258
493000 1229
493500 1221
494000 1398
494500 1797
495000 1292
495500 1282
496000 1273
496500 1227
497000 1228
497500 1231
498000 1229
498500 1231
499000 1233
499500 1270
500000 1235
500500 1628
501000 1710
501500 1297
502000 1307
502500 1286
503000 1299
503500 1244
504000 1247
504500 1246
505000 1248
505500 1258
506000 1285
506500 1274
507000 2056
507500 1366
508000 1329
508500 1304
509000 1304
509500 1311
510000 1306
510500 1279
511000 1269
511500 1265
512000 1299
512500 1269
513000 1988
513500 1406
514000 1433
514500 1323
515000 1319
515500 1339
516000 1276
516500 1277
517000 1282
517500 1279
518000 1314
518500 1288
519000 1869
519500 1442
520000 1388
520500 1346
521000 1332
521500 1342
522000 1322
522500 1291
523000 1296
523500 1294
524000 1329
524500 1309
525000 1779
525500 1510
526000 1362
526500 1395
527000 1359
527500 1361
528000 1305
528500 1311
529000 1307
529500 1309
530000 1355
530500 1313
531000 1829
531500 1472
532000 1423
532500 1380
533000 1370
533500 1319
534000 1321
534500 1330
535000 1322
535500 1324
536000 1368
536500 1328
537000 1901
537500 1475
538000 1436
538500 1395
539000 1380
539500 1332
540000 1341
540500 1335
541000 1337
541500 1381
542000 1341
542500 1354
543000 1910
543500 1460
544000 1462
544500 1405
545000 1347
545500 1354
546000 1348
546500 1350
547000 1360
547500 1387
548000 1354
548500 1602
549000 1756
549500 1478
550000 1604
550500 1413
551000 1418
551500 1382
552000 1363
552500 1374
553000 1369
553500 1401
554000 1380
554500 1794
555000 1547
555500 1458
556000 1424
556500 1433
557000 1398
557500 1381
558000 1390
558500 1382
559000 1417
559500 1390
560000 1757
560500 1543
561000 1502
561500 1448
562000 1449
562500 1442
563000 1391
563500 1403
564000 1393
564500 1394
565000 1432
565500 1488
566000 1834
566500 1465
567000 1468
567500 1463
568000 1451
568500 1406
569000 1413
569500 1407
570000 1408
570500 1449
571000 1413
571500 1927
572000 1562
572500 1505
573000 1481
573500 1484
574000 1425
574500 1421
575000 1421
575500 1427
576000 1456
576500 1425
577000 2029
577500 1583
578000 1595
578500 1485
579000 1482
579500 1501
580000 1436
580500 1434
581000 1439
581500 1470
582000 1458
582500 2232
583000 2038
583500 1531
584000 1483
584500 1460
585000 1446
585500 1446
586000 1513
586500 1478
587000 1458
587500 1952
588000 2069
588500 1672
589000 1463
589500 1507
590000 1457
590500 1459
591000 1499
591500 1462
592000 1466
592500 1606
593000 1942
593500 1528
594000 1523
594500 1492
595000 1471
595500 1471
596000 1478
596500 1475
597000 1507
597500 1478
598000 1793
598500 1710
599000 1556
599500 1498
600000 1495
600500 1485
601000 1492
601500 1488
602000 1489
602500 1524
603000 1491
603500 1975
604000 1599
604500 1575
605000 1514
605500 1498
606000 1498
606500 1501
607000 1501
607500 1504
608000 1537
608500 1519
609000 1993
609500 1614
610000 1546
610500 1508
611000 1510
611500 1515
612000 1512
612500 1516
613000 1547
613500 1515
614000 1905
614500 1634
615000 1608
615500 1536
616000 1523
616500 1547
617000 1525
617500 1531
618000 1526
618500 1561
619000 1540
619500 1999
620000 1641
620500 1567
621000 1537
621500 1545
622000 1539
622500 1544
623000 1542
623500 1574
624000 1546
624500 1967
625000 1657
625500 1625
626000 1559
626500 1556
627000 1549
627500 1554
628000 1553
628500 1554
629000 1592
629500 1705
630000 1905
630500 1632
631000 1573
631500 1571
632000 1563
632500 1566
633000 1564
633500 1566
634000 1603
634500 1572
635000 2017
635500 1673
636000 1605
636500 1579
637000 1575
637500 1589
638000 1576
638500 1578
639000 1634
639500 1580
640000 2124
640500 2146
641000 1614
641500 1647
642000 1613
642500 1599
643000 1586
643500 1598
644000 1593
644500 1683
645000 2144
645500 1936
646000 1614
646500 1608
647000 1607
647500 1615
648000 1608
648500 1702
649000 1640
649500 1955
650000 2221
650500 1772
651000 1627
651500 1671
652000 1616
652500 1622
653000 1613
653500 1650
654000 1625
654500 2220
655000 2191
655500 1637
656000 1637
656500 1623
657000 1634
657500 1660
658000 1628
658500 1668
659000 2089
659500 1765
660000 1696
660500 1658
661000 1633
661500 1640
662000 1640
662500 1637
663000 1674
663500 1640
664000 2147
664500 1808
665000 1694
665500 1670
666000 1650
666500 1656
667000 1649
667500 1652
668000 1686
668500 1726
669000 2150
669500 1796
670000 1742
670500 1721
671000 1737
671500 1660
672000 1667
672500 1697
673000 1664
673500 2162
674000 1841
674500 1775
675000 1740
675500 1755
676000 1671
676500 1678
677000 1673
677500 1708
678000 1936
678500 2054
679000 1814
679500 1758
680000 1767
680500 1682
681000 1689
681500 1684
682000 1719
682500 1695
683000 2213
683500 1829
684000 1814
684500 1743
685000 1694
685500 1698
686000 1695
686500 1729
687000 1701
687500 2208
688000 2361
688500 1791
689000 1773
689500 1708
690000 1710
690500 1706
691000 1711
691500 1742
692000 2249
692500 2366
693000 1824
693500 1733
694000 1721
694500 1717
695000 1719
695500 1745
696000 1763
696500 2341
697000 1862
697500 1822
698000 1743
698500 1736
699000 1729
699500 1729
700000 1769
700500 1731
701000 2295
701500 1920
702000 1824
702500 1814
703000 1806
703500 1739
704000 1746
704500 1750
705000 1782
705500 2219
706000 2023
706500 1824
707000 1843
707500 1785
708000 1750
708500 1768
709000 1793
709500 1758
710000 2347
710500 2512
711000 1920
711500 1783
712000 1760
712500 1764
713000 1763
713500 1800
714000 1935
714500 2801
715000 2163
715500 1853
716000 1839
716500 1777
717000 1807
717500 1777
718000 1774
718500 2562
719000 1920
719500 1912
720000 1853
720500 1853
721000 1804
721500 1790
722000 1818
722500 1946
723000 2399
723500 1941
724000 1870
724500 1865
725000 1798
725500 1793
726000 1800
726500 1829
727000 2331
727500 1953
728000 1899
728500 1877
729000 1836
729500 1804
730000 1807
730500 1806
731000 1843
731500 2267
732000 1925
732500 1884
733000 1827
733500 1815
734000 1815
734500 1823
735000 1850
735500 1839
736000 2346
736500 1901
737000 1905
737500 1836
738000 1824
738500 1828
739000 1827
739500 1864
740000 2051
740500 2113
741000 1854
741500 1853
742000 1835
742500 1840
743000 1837
743500 1871
744000 1840
744500 2260
745000 1948
745500 1928
746000 1872
746500 1847
747000 1849
747500 1847
748000 1883
748500 1849
749000 2259
749500 1912
750000 1882
750500 1862
751000 1861
751500 1855
752000 1896
752500 1858
753000 1977
753500 2245
754000 1917
754500 1881
755000 1876
755500 1868
756000 1874
756500 1902
757000 1871
757500 2192
758000 1995
758500 1898
759000 1889
759500 1886
760000 1880
760500 1885
761000 1914
761500 1913
762000 2307
762500 1968
763000 1903
763500 1926
764000 1999
764500 1908
765000 1894
765500 1899
766000 2009
766500 1937
767000 1914
767500 1916
768000 1916
768500 1917
769000 1902
769500 1942
770000 1862
770500 2413
771000 2003
771500 1939
772000 1922
772500 1980
773000 2015
773500 1969
774000 2069
774500 2378
775000 2003
775500 2020
776000 1940
776500 1951
777000 1923
777500 1933
778000 1925
778500 2471
779000 2243
779500 2031
780000 2011
780500 2021
781000 1930
781500 1937
782000 1967
782500 2441
783000 2271
783500 2026
784000 2030
784500 2008
785000 1974
785500 1999
786000 1955
786500 2151
787000 2160
787500 2035
788000 2052
788500 2052
789000 1959
789500 1953
790000 2078
790500 2223
791000 2090
791500 2084
792000 2018
792500 1968
793000 1971
793500 1963
794000 1999
794500 2106
795000 2544
795500 2081
796000 2076
796500 1973
797000 1977
797500 1972
798000 2011
798500 2151
799000 2508
799500 2086
800000 2065
800500 2072
801000 2034
801500 1988
802000 2016
802500 2572
803000 2813
803500 2084
804000 2126
804500 2062
805000 2022
805500 2010
806000 2033
806500 2696
807000 2126
807500 2076
808000 2033
808500 1999
809000 2038
809500 2001
810000 2043
810500 2505
811000 2070
811500 2011
812000 2113
812500 2074
813000 2025
813500 2013
814000 2145
814500 2058
815000 2028
815500 2022
816000 2016
816500 2073
817000 2053
817500 2102
818000 2181
818500 2069
819000 2048
819500 2033
820000 2028
820500 2032
821000 2030
821500 2032
822000 1981
822500 2177
823000 2050
823500 2012
824000 1939
824500 1983
825000 1986
825500 1881
826000 1858
826500 1992
827000 1906
827500 1879
828000 1843
828500 1803
829000 1881
829500 1864
830000 1782
830500 1751
831000 1814
831500 1830
832000 1823
832500 1811
833000 1796
833500 1758
834000 1762
834500 1760
835000 1760
835500 1941
836000 1821
836500 1787
837000 1776
837500 1800
838000 1768
838500 1771
839000 1769
839500 1772
840000 1968
840500 2092
841000 1901
841500 1893
842000 1835
842500 1829
843000 1867
843500 1831
844000 1840
844500 1914
845000 1937
845500 1913
846000 1915
846500 1837
847000 1845
847500 1839
848000 1819
848500 1787
849000 1884
849500 1943
850000 1844
850500 1797
851000 1794
851500 1795
852000 1796
852500 1798
853000 1798
853500 1865
854000 1909
854500 1880
855000 1863
855500 1871
856000 1809
856500 1804
857000 1863
857500 1899
858000 1941
858500 1881
859000 1882
859500 1866
860000 1872
860500 1869
861000 1874
861500 1842
862000 1821
862500 1829
863000 1826
863500 1830
864000 1820
864500 1827
865000 1823
865500 1826
866000 1825
866500 1789
867000 1817
867500 1735
868000 1795
868500 1729
869000 1731
869500 1729
870000 1733
870500 1731
871000 1735
871500 1733
872000 1852
872500 1791
873000 1739
873500 1740
874000 1740
874500 1741
875000 1741
875500 1745
876000 1743
876500 1851
877000 1755
877500 1755
878000 1766
878500 1742
879000 1753
879500 1749
880000 1762
880500 1765
881000 1705
881500 1820
882000 1847
882500 1788
883000 1764
883500 1773
884000 1759
884500 1773
885000 1762
885500 1763
886000 1980
886500 1947
887000 1911
887500 1886
888000 1876
888500 1873
889000 1863
889500 1821
890000 1823
890500 2393
891000 2148
891500 2148
892000 2167
892500 2202
893000 2263
893500 2195
894000 2212
894500 2336
895000 2240
895500 2239
896000 2213
896500 2211
897000 2251
897500 2114
898000 2521
898500 2392
899000 2252
899500 2240
900000 2330
900500 2277
901000 2293
901500 2686
902000 2415
902500 2325
903000 2332
903500 2257
904000 2262
904500 2240
905000 2347
905500 2292
906000 2269
906500 2258
907000 2250
907500 2246
908000 2393
908500 2364
909000 2347
909500 2277
910000 2267
910500 2257
911000 2252
911500 2301
912000 2274
912500 2785
913000 2352
913500 2286
914000 2266
914500 2265
915000 2410
915500 2558
916000 3193
916500 2475
917000 2376
917500 2366
918000 2386
918500 2332
919000 2779
919500 2486
920000 2386
920500 2372
921000 2368
921500 2366
922000 2360
922500 2705
923000 2445
923500 2394
924000 2389
924500 2371
925000 2314
925500 2323
926000 2723
926500 2456
927000 2391
927500 2388
928000 2303
928500 2336
929000 2300
929500 2952
930000 2434
930500 2400
931000 2408
931500 2338
932000 2338
932500 2388
933000 2900
933500 2432
934000 2420
934500 2408
935000 2343
935500 2352
936000 2703
936500 3260
937000 2414
937500 2340
938000 2332
938500 2320
939000 2397
939500 2906
940000 2493
940500 2435
941000 2426
941500 2332
942000 2331
942500 2377
943000 2434
943500 2388
944000 2358
944500 2404
945000 2346
945500 2348
946000 2399
946500 2461
947000 2438
947500 2499
948000 2426
948500 2371
949000 2348
949500 2507
950000 3129
950500 2375
951000 2378
951500 2358
952000 2357
952500 2581
953000 3042
953500 2897
954000 2420
954500 2407
955000 2369
955500 2395
956000 2520
956500 3393
957000 2499
957500 2385
958000 2378
958500 2369
959000 2444
959500 3140
960000 2797
960500 2406
961000 2437
961500 2411
962000 2391
962500 2578
963000 2533
963500 2416
964000 2404
964500 2391
965000 2388
965500 2420
966000 2775
966500 2480
967000 2424
967500 2417
968000 2393
968500 2400
969000 2427
969500 2843
970000 2467
970500 2420
971000 2420
971500 2404
972000 2435
972500 2496
973000 2928
973500 2426
974000 2469
974500 2414
975000 2413
975500 2447
976000 2866
976500 2553
977000 2443
977500 2437
978000 2422
978500 2418
979000 2456
979500 2985
980000 2451
980500 2456
981000 2439
981500 2427
982000 2463
982500 3088
983000 2869
983500 2591
984000 2546
984500 2493
985000 2440
985500 2527
986000 3647
986500 2728
987000 2595
987500 2534
988000 2473
988500 2531
989000 3488
989500 2714
990000 2477
990500 2451
991000 2486
991500 2488
992000 2925
992500 2586
993000 2489
993500 2468
994000 2460
994500 2493
995000 2777
995500 3316
996000 2493
996500 2483
997000 2470
997500 2481
998000 2598
998500 2939
999000 2546
999500 2492
1000000 2491
